t,phase_1,phase_2
0.0,0.0,0.0
0.0016666666666666668,0.0,0.0009392
0.0033333333333333335,0.0,0.0018328
0.005,0.0,0.0027348
0.006666666666666667,0.0,0.0036488
0.008333333333333333,0.0,0.004535
0.01,0.0,0.0054384
0.011666666666666667,0.0,0.0063358
0.013333333333333334,0.0,0.007261
0.015,0.0,0.008148
0.016666666666666666,0.0,0.0090392
0.018333333333333333,0.0,0.009975
0.02,0.0,0.0108894
0.021666666666666667,0.0,0.0117676
0.023333333333333334,0.0,0.012652
0.025,0.0,0.0135458
0.02666666666666667,0.0,0.0144308
0.028333333333333332,0.0,0.015305
0.03,0.0,0.0161952
0.03166666666666667,0.0,0.017106
0.03333333333333333,0.0,0.017975
0.035,0.0,0.0188814
0.03666666666666667,0.0,0.0197368
0.03833333333333333,0.0,0.0206136
0.04,0.0,0.021463
0.041666666666666664,0.0,0.0223464
0.043333333333333335,0.0,0.0232164
0.045,0.0,0.0241114
0.04666666666666667,0.0,0.0249972
0.04833333333333333,0.0,0.0258604
0.05,0.0,0.026695
0.051666666666666666,0.0,0.0275602
0.05333333333333334,0.0,0.0284506
0.055,0.0,0.0293102
0.056666666666666664,0.0,0.0301536
0.058333333333333334,0.0,0.0310056
0.06,0.0,0.0318746
0.06166666666666667,0.0,0.0327258
0.06333333333333334,0.0,0.0335806
0.065,0.0,0.0344398
0.06666666666666667,0.0,0.0352984
0.06833333333333333,0.0,0.0361528
0.07,0.0,0.0370088
0.07166666666666667,0.0,0.0379046
0.07333333333333333,0.0,0.0387462
0.075,0.0,0.0396172
0.07666666666666666,0.0,0.0404806
0.07833333333333334,0.0,0.04131
0.08,0.0,0.0421364
0.08166666666666667,0.0,0.0429736
0.08333333333333333,0.0,0.0438194
0.085,0.0,0.0446586
0.08666666666666667,0.0,0.0454888
0.08833333333333333,0.0,0.046316
0.09,0.0,0.0471422
0.09166666666666666,0.0,0.0480168
0.09333333333333334,0.0,0.0488632
0.095,0.0,0.0496948
0.09666666666666666,0.0,0.0505054
0.09833333333333333,0.0,0.051342
0.1,0.0,0.0521716
0.10166666666666667,0.0,0.0530022
0.10333333333333333,0.0,0.0538182
0.105,0.0,0.0546426
0.10666666666666667,0.0,0.055466
0.10833333333333334,0.0,0.0562708
0.11,0.0,0.0570662
0.11166666666666666,0.0,0.0578902
0.11333333333333333,0.0,0.0587026
0.115,0.0,0.0595498
0.11666666666666667,0.0,0.060351
0.11833333333333333,0.0,0.0611666
0.12,0.0,0.0619524
0.12166666666666667,0.0,0.0628048
0.12333333333333334,0.0,0.0635848
0.125,0.0,0.0644128
0.12666666666666668,0.0,0.0652512
0.12833333333333333,0.0,0.0660698
0.13,0.0,0.0668628
0.13166666666666665,0.0,0.0676602
0.13333333333333333,0.0,0.0684642
0.135,0.0,0.0692322
0.13666666666666666,0.0,0.0700524
0.13833333333333334,0.0,0.0708548
0.14,0.0,0.0716882
0.14166666666666666,0.0,0.0724754
0.14333333333333334,0.0,0.0732498
0.145,0.0,0.0740682
0.14666666666666667,0.0,0.0748626
0.14833333333333334,0.0,0.0756446
0.15,0.0,0.076442
0.15166666666666667,0.0,0.0772788
0.15333333333333332,0.0,0.0780338
0.155,0.0,0.0788184
0.15666666666666668,0.0,0.0796316
0.15833333333333333,0.0,0.08041
0.16,0.0,0.0812172
0.16166666666666665,0.0,0.0819844
0.16333333333333333,0.0,0.082769
0.165,0.0,0.0835332
0.16666666666666666,0.0,0.0843276
0.16833333333333333,0.0,0.0850648
0.17,0.0,0.0858132
0.17166666666666666,0.0,0.08657
0.17333333333333334,0.0,0.0873222
0.175,0.0,0.088089
0.17666666666666667,0.0,0.0888582
0.17833333333333334,0.0,0.0896174
0.18,0.0,0.0903688
0.18166666666666667,0.0,0.0911356
0.18333333333333332,0.0,0.091882
0.185,0.0,0.0925846
0.18666666666666668,0.0,0.0933628
0.18833333333333332,0.0,0.0941384
0.19,0.0,0.09491
0.19166666666666668,0.0,0.0956734
0.19333333333333333,0.0,0.0964128
0.195,0.0,0.097141
0.19666666666666666,0.0,0.0978772
0.19833333333333333,0.0,0.098604
0.2,0.0,0.0993432
0.20166666666666666,0.0,0.1000916
0.20333333333333334,0.0,0.100833
0.205,0.0,0.1015508
0.20666666666666667,0.0,0.1022894
0.20833333333333334,0.0,0.1030024
0.21,0.0,0.1037402
0.21166666666666667,0.0,0.1044822
0.21333333333333335,0.0,0.1052246
0.215,0.0,0.1059436
0.21666666666666667,0.0,0.1066486
0.21833333333333332,0.0,0.1073404
0.22,0.0,0.1080686
0.22166666666666668,0.0,0.1087988
0.22333333333333333,0.0,0.1094978
0.225,0.0,0.1101906
0.22666666666666666,0.0,0.110931
0.22833333333333333,0.0,0.111668
0.23,0.0,0.1124198
0.23166666666666666,0.0,0.1131578
0.23333333333333334,0.0,0.1138666
0.235,0.0,0.1146132
0.23666666666666666,0.0,0.1153308
0.23833333333333334,0.0,0.1160562
0.24,0.0,0.1167914
0.24166666666666667,0.0,0.1175172
0.24333333333333335,0.0,0.1182194
0.245,0.0,0.118915
0.24666666666666667,0.0,0.1196314
0.24833333333333332,0.0,0.1203718
0.25,0.0,0.1210646
0.25166666666666665,0.0,0.1217746
0.25333333333333335,0.0,0.1225076
0.255,0.0,0.1232106
0.25666666666666665,0.0,0.1239336
0.25833333333333336,0.0,0.1246372
0.26,0.0,0.1253718
0.26166666666666666,0.0,0.1260452
0.2633333333333333,0.0,0.12672
0.265,0.0,0.127387
0.26666666666666666,0.0,0.1281128
0.2683333333333333,0.0,0.128829
0.27,0.0,0.129511
0.27166666666666667,0.0,0.1302448
0.2733333333333333,0.0,0.1309782
0.275,0.0,0.1316492
0.27666666666666667,0.0,0.1323238
0.2783333333333333,0.0,0.1330056
0.28,0.0,0.1337116
0.2816666666666667,0.0,0.1344166
0.2833333333333333,0.0,0.1351006
0.285,0.0,0.1357774
0.2866666666666667,0.0,0.1364456
0.28833333333333333,0.0,0.1371404
0.29,0.0,0.1378496
0.2916666666666667,0.0,0.1385356
0.29333333333333333,0.0,0.139226
0.295,0.0,0.1398846
0.2966666666666667,0.0,0.1405506
0.29833333333333334,0.0,0.1412502
0.3,0.0,0.1419314
0.3016666666666667,0.0,0.142628
0.30333333333333334,0.0,0.1432924
0.305,0.0,0.143951
0.30666666666666664,0.0,0.1446298
0.30833333333333335,0.0,0.1452998
0.31,0.0,0.1459582
0.31166666666666665,0.0,0.1465894
0.31333333333333335,0.0,0.1472512
0.315,0.0,0.147926
0.31666666666666665,0.0,0.1486246
0.31833333333333336,0.0,0.1493014
0.32,0.0,0.1499544
0.32166666666666666,0.0,0.1506062
0.3233333333333333,0.0,0.1512678
0.325,0.0,0.1519386
0.32666666666666666,0.0,0.1525902
0.3283333333333333,0.0,0.153267
0.33,0.0,0.1539256
0.33166666666666667,0.0,0.15457
0.3333333333333333,0.0,0.155243
0.335,0.0,0.1559136
0.33666666666666667,0.0,0.1565862
0.3383333333333333,0.0,0.1572378
0.34,0.0,0.1578778
0.3416666666666667,0.0,0.1585296
0.3433333333333333,0.0,0.15917
0.345,0.0,0.1597944
0.3466666666666667,0.0,0.160433
0.34833333333333333,0.0,0.161076
0.35,0.0,0.1617198
0.3516666666666667,0.0,0.1623442
0.35333333333333333,0.0,0.1630026
0.355,0.0,0.1636098
0.3566666666666667,0.0,0.1642634
0.35833333333333334,0.0,0.1648702
0.36,0.0,0.165518
0.3616666666666667,0.0,0.1661422
0.36333333333333334,0.0,0.1667682
0.365,0.0,0.1674114
0.36666666666666664,0.0,0.1680724
0.36833333333333335,0.0,0.168713
0.37,0.0,0.1693626
0.37166666666666665,0.0,0.1699896
0.37333333333333335,0.0,0.1706136
0.375,0.0,0.17122
0.37666666666666665,0.0,0.1718376
0.37833333333333335,0.0,0.172484
0.38,0.0,0.1731122
0.38166666666666665,0.0,0.1737276
0.38333333333333336,0.0,0.1743582
0.385,0.0,0.1749716
0.38666666666666666,0.0,0.1755762
0.3883333333333333,0.0,0.1762016
0.39,0.0,0.1768286
0.39166666666666666,0.0,0.1774958
0.3933333333333333,0.0,0.178105
0.395,0.0,0.1787012
0.39666666666666667,0.0,0.179321
0.3983333333333333,0.0,0.1799228
0.4,0.0,0.1805534
0.40166666666666667,0.0,0.1811688
0.4033333333333333,0.0,0.1818022
0.405,0.0,0.182404
0.4066666666666667,0.0,0.1830048
0.4083333333333333,0.0,0.1836226
0.41,0.0,0.1842352
0.4116666666666667,0.0,0.1848216
0.41333333333333333,0.0,0.1854276
0.415,0.0,0.186066
0.4166666666666667,0.0,0.1866578
0.41833333333333333,0.0,0.1872652
0.42,0.0,0.1878884
0.4216666666666667,0.0,0.1884912
0.42333333333333334,0.0,0.1891002
0.425,0.0,0.1897004
0.4266666666666667,0.0,0.1903054
0.42833333333333334,0.0,0.1909428
0.43,0.0,0.1915244
0.43166666666666664,0.0,0.192149
0.43333333333333335,0.0,0.1927424
0.435,0.0,0.193335
0.43666666666666665,0.0,0.1939402
0.43833333333333335,0.0,0.1945212
0.44,0.0,0.1951204
0.44166666666666665,0.0,0.1957214
0.44333333333333336,0.0,0.1963262
0.445,0.0,0.1969162
0.44666666666666666,0.0,0.1975074
0.4483333333333333,0.0,0.1980828
0.45,0.0,0.1986946
0.45166666666666666,0.0,0.1992746
0.4533333333333333,0.0,0.1998508
0.455,0.0,0.200435
0.45666666666666667,0.0,0.2010182
0.4583333333333333,0.0,0.2015946
0.46,0.0,0.2021886
0.46166666666666667,0.0,0.2027722
0.4633333333333333,0.0,0.2033526
0.465,0.0,0.2039222
0.4666666666666667,0.0,0.2045132
0.4683333333333333,0.0,0.2050702
0.47,0.0,0.2056492
0.4716666666666667,0.0,0.2062244
0.47333333333333333,0.0,0.2068218
0.475,0.0,0.2073942
0.4766666666666667,0.0,0.2079562
0.47833333333333333,0.0,0.208535
0.48,0.0,0.2091358
0.4816666666666667,0.0,0.2096968
0.48333333333333334,0.0,0.2102696
0.485,0.0,0.2108408
0.4866666666666667,0.0,0.2113986
0.48833333333333334,0.0,0.2119396
0.49,0.0,0.2125208
0.49166666666666664,0.0,0.2130988
0.49333333333333335,0.0,0.2136494
0.495,0.0,0.2142152
0.49666666666666665,0.0,0.2147706
0.49833333333333335,0.0,0.2153148
0.5,0.0,0.2158598
0.5016666666666667,0.0,0.2164344
0.5033333333333333,0.0,0.216997
0.505,0.0,0.2175706
0.5066666666666667,0.0,0.2181364
0.5083333333333333,0.0,0.2186942
0.51,0.0,0.219226
0.5116666666666667,0.0,0.219789
0.5133333333333333,0.0,0.2203366
0.515,0.0,0.2208676
0.5166666666666667,0.0,0.2214308
0.5183333333333333,0.0,0.2219942
0.52,0.0,0.2225604
0.5216666666666666,0.0,0.223085
0.5233333333333333,0.0,0.2236232
0.525,0.0,0.2241646
0.5266666666666666,0.0,0.2247036
0.5283333333333333,0.0,0.2252488
0.53,0.0,0.2258038
0.5316666666666666,0.0,0.2263702
0.5333333333333333,0.0,0.22693
0.535,0.0,0.2274676
0.5366666666666666,0.0,0.2280222
0.5383333333333333,0.0,0.2285666
0.54,0.0,0.229105
0.5416666666666666,0.0,0.2296576
0.5433333333333333,0.0,0.2301916
0.545,0.0,0.2307278
0.5466666666666666,0.0,0.2312898
0.5483333333333333,0.0,0.2318252
0.55,0.0,0.2323554
0.5516666666666666,0.0,0.2329012
0.5533333333333333,0.0,0.2334308
0.555,0.0,0.2339806
0.5566666666666666,0.0,0.2345268
0.5583333333333333,0.0,0.2350466
0.56,0.0,0.2355878
0.5616666666666666,0.0,0.2361132
0.5633333333333334,0.0,0.236662
0.565,0.0,0.2371936
0.5666666666666667,0.0,0.237713
0.5683333333333334,0.0,0.2382512
0.57,0.0,0.2387928
0.5716666666666667,0.0,0.2393554
0.5733333333333334,0.0,0.2398752
0.575,0.0,0.2404114
0.5766666666666667,0.0,0.2409176
0.5783333333333334,0.0,0.2414372
0.58,0.0,0.2419734
0.5816666666666667,0.0,0.2425004
0.5833333333333334,0.0,0.2430308
0.585,0.0,0.2435694
0.5866666666666667,0.0,0.2440958
0.5883333333333334,0.0,0.2446268
0.59,0.0,0.245149
0.5916666666666667,0.0,0.2456658
0.5933333333333334,0.0,0.2461832
0.595,0.0,0.246706
0.5966666666666667,0.0,0.2472024
0.5983333333333334,0.0,0.2477354
0.6,0.0,0.2482528
0.6016666666666667,0.0,0.2487544
0.6033333333333334,0.0,0.2492502
0.605,0.0,0.2497426
0.6066666666666667,0.0,0.250278
0.6083333333333333,0.0,0.250754
0.61,0.0,0.251252
0.6116666666666667,0.0,0.251752
0.6133333333333333,0.0,0.2522674
0.615,0.0,0.2528072
0.6166666666666667,0.0,0.2533214
0.6183333333333333,0.0,0.2538392
0.62,0.0,0.25435
0.6216666666666667,0.0,0.2548646
0.6233333333333333,0.0,0.2553702
0.625,0.0,0.25588
0.6266666666666667,0.0,0.2563582
0.6283333333333333,0.0,0.2568582
0.63,0.0,0.2573336
0.6316666666666667,0.0,0.2578202
0.6333333333333333,0.0,0.2583358
0.635,0.0,0.258843
0.6366666666666667,0.0,0.259341
0.6383333333333333,0.0,0.2598718
0.64,0.0,0.2603804
0.6416666666666667,0.0,0.2608642
0.6433333333333333,0.0,0.2613492
0.645,0.0,0.2618478
0.6466666666666666,0.0,0.2623424
0.6483333333333333,0.0,0.2628396
0.65,0.0,0.2633312
0.6516666666666666,0.0,0.2638406
0.6533333333333333,0.0,0.2643424
0.655,0.0,0.264816
0.6566666666666666,0.0,0.2652788
0.6583333333333333,0.0,0.2657758
0.66,0.0,0.2662734
0.6616666666666666,0.0,0.2667708
0.6633333333333333,0.0,0.2672482
0.665,0.0,0.267744
0.6666666666666666,0.0,0.2682222
0.6683333333333333,0.0,0.2686836
0.67,0.0,0.2691822
0.6716666666666666,0.0,0.269664
0.6733333333333333,0.0,0.2701346
0.675,0.0,0.270614
0.6766666666666666,0.0,0.2711038
0.6783333333333333,0.0,0.2715992
0.68,0.0,0.2720688
0.6816666666666666,0.0,0.2725358
0.6833333333333333,0.0,0.2730174
0.685,0.0,0.273508
0.6866666666666666,0.0,0.2739534
0.6883333333333334,0.0,0.274424
0.69,0.0,0.2749132
0.6916666666666667,0.0,0.2753928
0.6933333333333334,0.0,0.2759092
0.695,0.0,0.2763808
0.6966666666666667,0.0,0.276868
0.6983333333333334,0.0,0.2773592
0.7,0.0,0.2778266
0.7016666666666667,0.0,0.2783264
0.7033333333333334,0.0,0.2788198
0.705,0.0,0.2792914
0.7066666666666667,0.0,0.2797526
0.7083333333333334,0.0,0.2802118
0.71,0.0,0.2806622
0.7116666666666667,0.0,0.2811438
0.7133333333333334,0.0,0.2815982
0.715,0.0,0.282045
0.7166666666666667,0.0,0.2825056
0.7183333333333334,0.0,0.2829658
0.72,0.0,0.2834356
0.7216666666666667,0.0,0.283895
0.7233333333333334,0.0,0.2843658
0.725,0.0,0.284833
0.7266666666666667,0.0,0.285283
0.7283333333333334,0.0,0.285736
0.73,0.0,0.2862112
0.7316666666666667,0.0,0.2866982
0.7333333333333333,0.0,0.287138
0.735,0.0,0.287607
0.7366666666666667,0.0,0.2880576
0.7383333333333333,0.0,0.288534
0.74,0.0,0.2889836
0.7416666666666667,0.0,0.289443
0.7433333333333333,0.0,0.2899202
0.745,0.0,0.2903878
0.7466666666666667,0.0,0.2908346
0.7483333333333333,0.0,0.2912858
0.75,0.0,0.2917196
0.7516666666666667,0.0,0.2921338
0.7533333333333333,0.0,0.2925754
0.755,0.0,0.2930184
0.7566666666666667,0.0,0.2934478
0.7583333333333333,0.0,0.2939042
0.76,0.0,0.2943784
0.7616666666666667,0.0,0.294818
0.7633333333333333,0.0,0.2952486
0.765,0.0,0.2956862
0.7666666666666667,0.0,0.2961176
0.7683333333333333,0.0,0.2965834
0.77,0.0,0.2970354
0.7716666666666666,0.0,0.2974846
0.7733333333333333,0.0,0.2979492
0.775,0.0,0.2983972
0.7766666666666666,0.0,0.2988428
0.7783333333333333,0.0,0.299273
0.78,0.0,0.2997196
0.7816666666666666,0.0,0.3001466
0.7833333333333333,0.0,0.3005954
0.785,0.0,0.301044
0.7866666666666666,0.0,0.3014692
0.7883333333333333,0.0,0.3019094
0.79,0.0,0.3023598
0.7916666666666666,0.0,0.3028106
0.7933333333333333,0.0,0.3032432
0.795,0.0,0.3036522
0.7966666666666666,0.0,0.3041096
0.7983333333333333,0.0,0.304529
0.8,0.0,0.3049728
0.8016666666666666,0.0,0.305396
0.8033333333333333,0.0,0.3058332
0.805,0.0,0.3062646
0.8066666666666666,0.0,0.306691
0.8083333333333333,0.0,0.3071158
0.81,0.0,0.3075464
0.8116666666666666,0.0,0.3079666
0.8133333333333334,0.0,0.308409
0.815,0.0,0.3088384
0.8166666666666667,0.0,0.3092782
0.8183333333333334,0.0,0.3097008
0.82,0.0,0.3101374
0.8216666666666667,0.0,0.3105606
0.8233333333333334,0.0,0.3109888
0.825,0.0,0.3114024
0.8266666666666667,0.0,0.3118056
0.8283333333333334,0.0,0.312231
0.83,0.0,0.3126612
0.8316666666666667,0.0,0.3130882
0.8333333333333334,0.0,0.313492
0.835,0.0,0.3139148
0.8366666666666667,0.0,0.314348
0.8383333333333334,0.0,0.314754
0.84,0.0,0.3151616
0.8416666666666667,0.0,0.315588
0.8433333333333334,0.0,0.3160166
0.845,0.0,0.3164382
0.8466666666666667,0.0,0.316866
0.8483333333333334,0.0,0.3172902
0.85,0.0,0.317707
0.8516666666666667,0.0,0.3181216
0.8533333333333334,0.0,0.3184984
0.855,0.0,0.3188832
0.8566666666666667,0.0,0.3193156
0.8583333333333333,0.0,0.3197312
0.86,0.0,0.3201356
0.8616666666666667,0.0,0.3205554
0.8633333333333333,0.0,0.3209528
0.865,0.0,0.3213604
0.8666666666666667,0.0,0.3217482
0.8683333333333333,0.0,0.322168
0.87,0.0,0.3225704
0.8716666666666667,0.0,0.322989
0.8733333333333333,0.0,0.3233904
0.875,0.0,0.3237998
0.8766666666666667,0.0,0.3241976
0.8783333333333333,0.0,0.324579
0.88,0.0,0.3249676
0.8816666666666667,0.0,0.325348
0.8833333333333333,0.0,0.3257536
0.885,0.0,0.326152
0.8866666666666667,0.0,0.3265538
0.8883333333333333,0.0,0.3269692
0.89,0.0,0.3273698
0.8916666666666667,0.0,0.3277574
0.8933333333333333,0.0,0.3281618
0.895,0.0,0.3285494
0.8966666666666666,0.0,0.3289476
0.8983333333333333,0.0,0.3293654
0.9,0.0,0.3297536
0.9016666666666666,0.0,0.3301564
0.9033333333333333,0.0,0.3305612
0.905,0.0,0.3309442
0.9066666666666666,0.0,0.331346
0.9083333333333333,0.0,0.331743
0.91,0.0,0.332141
0.9116666666666666,0.0,0.3325204
0.9133333333333333,0.0,0.3329252
0.915,0.0,0.3333248
0.9166666666666666,0.0,0.3336896
0.9183333333333333,0.0,0.3341006
0.92,0.0,0.3344778
0.9216666666666666,0.0,0.334859
0.9233333333333333,0.0,0.3352418
0.925,0.0,0.3356376
0.9266666666666666,0.0,0.336046
0.9283333333333333,0.0,0.3364278
0.93,0.0,0.3368154
0.9316666666666666,0.0,0.3372112
0.9333333333333333,0.0,0.3376034
0.935,0.0,0.3379788
0.9366666666666666,0.0,0.3383534
0.9383333333333334,0.0,0.3387338
0.94,0.0,0.3391078
0.9416666666666667,0.0,0.3394766
0.9433333333333334,0.0,0.3398552
0.945,0.0,0.340237
0.9466666666666667,0.0,0.3406294
0.9483333333333334,0.0,0.3410346
0.95,0.0,0.3414024
0.9516666666666667,0.0,0.3417734
0.9533333333333334,0.0,0.342155
0.955,0.0,0.3425474
0.9566666666666667,0.0,0.3429286
0.9583333333333334,0.0,0.3432814
0.96,0.0,0.3436522
0.9616666666666667,0.0,0.3440314
0.9633333333333334,0.0,0.3443812
0.965,0.0,0.3447564
0.9666666666666667,0.0,0.3451532
0.9683333333333334,0.0,0.34554
0.97,0.0,0.3459252
0.9716666666666667,0.0,0.3463104
0.9733333333333334,0.0,0.3466488
0.975,0.0,0.347015
0.9766666666666667,0.0,0.3473762
0.9783333333333334,0.0,0.3477434
0.98,0.0,0.3481178
0.9816666666666667,0.0,0.3484624
0.9833333333333333,0.0,0.3488486
0.985,0.0,0.3492196
0.9866666666666667,0.0,0.349587
0.9883333333333333,0.0,0.3499658
0.99,0.0,0.3503624
0.9916666666666667,0.0,0.3507212
0.9933333333333333,0.0,0.3510886
0.995,0.0,0.351456
0.9966666666666667,0.0,0.3518428
0.9983333333333333,0.0,0.3522106
1.0,0.3328388,0.3525904
1.0016666666666667,0.3331558,0.3529692
1.0033333333333334,0.333459,0.353315
1.005,0.333781,0.353676
1.0066666666666666,0.3340864,0.354045
1.0083333333333333,0.3344044,0.3543964
1.01,0.3347016,0.3547622
1.0116666666666667,0.3349942,0.3551238
1.0133333333333334,0.3353154,0.3554756
1.015,0.3356256,0.3558408
1.0166666666666666,0.3359372,0.3561942
1.0183333333333333,0.3362278,0.3565708
1.02,0.3365268,0.3569144
1.0216666666666667,0.3368166,0.3572804
1.0233333333333334,0.3371096,0.3576384
1.025,0.3374044,0.3579806
1.0266666666666666,0.3377022,0.3583276
1.0283333333333333,0.3379852,0.3586902
1.03,0.3382684,0.35906
1.0316666666666667,0.3385696,0.3594248
1.0333333333333334,0.3388616,0.3597672
1.035,0.3391322,0.360129
1.0366666666666666,0.3394242,0.3604924
1.0383333333333333,0.339705,0.360838
1.04,0.3399834,0.361203
1.0416666666666667,0.3402852,0.3615334
1.0433333333333332,0.3405744,0.3618802
1.045,0.3408594,0.3622238
1.0466666666666666,0.3411632,0.3625734
1.0483333333333333,0.34145,0.3629462
1.05,0.3417456,0.3633014
1.0516666666666667,0.3420438,0.3636586
1.0533333333333332,0.3423168,0.3640084
1.055,0.342586,0.3643524
1.0566666666666666,0.3428812,0.364705
1.0583333333333333,0.3431664,0.3650566
1.06,0.3434652,0.3654048
1.0616666666666668,0.343736,0.3657478
1.0633333333333332,0.34403,0.3660996
1.065,0.3442954,0.366449
1.0666666666666667,0.3445772,0.366807
1.0683333333333334,0.3448462,0.3671634
1.07,0.3451178,0.3675074
1.0716666666666668,0.3453924,0.3678522
1.0733333333333333,0.3456978,0.368188
1.075,0.3459892,0.3685366
1.0766666666666667,0.3462692,0.3688798
1.0783333333333334,0.3465426,0.3692358
1.08,0.3468148,0.369581
1.0816666666666668,0.3470888,0.3699044
1.0833333333333333,0.347378,0.3702554
1.085,0.3476538,0.3705894
1.0866666666666667,0.347915,0.370947
1.0883333333333334,0.3481874,0.371291
1.09,0.3484486,0.3716448
1.0916666666666666,0.3487328,0.3719952
1.0933333333333333,0.3490162,0.372335
1.095,0.3492714,0.3726622
1.0966666666666667,0.3495478,0.3729986
1.0983333333333334,0.3497984,0.3733586
1.1,0.3500772,0.373718
1.1016666666666666,0.3503482,0.374082
1.1033333333333333,0.3506332,0.3744102
1.105,0.3508996,0.3747324
1.1066666666666667,0.3511612,0.3750836
1.1083333333333334,0.3514214,0.3754206
1.11,0.3516908,0.3757536
1.1116666666666666,0.3519488,0.3760908
1.1133333333333333,0.3522136,0.376428
1.115,0.3524672,0.3767652
1.1166666666666667,0.352734,0.3770922
1.1183333333333334,0.3530114,0.3774398
1.12,0.3532698,0.3777998
1.1216666666666666,0.3535368,0.3781326
1.1233333333333333,0.3538044,0.378469
1.125,0.3540766,0.3787956
1.1266666666666667,0.3543396,0.3791194
1.1283333333333334,0.3545936,0.3794752
1.13,0.3548414,0.3798132
1.1316666666666666,0.355107,0.3801364
1.1333333333333333,0.3553524,0.380469
1.135,0.3556122,0.3807934
1.1366666666666667,0.3558604,0.3811352
1.1383333333333334,0.3561094,0.3814572
1.14,0.356362,0.3817748
1.1416666666666666,0.3566278,0.3820954
1.1433333333333333,0.3568832,0.3824364
1.145,0.3571354,0.3827308
1.1466666666666667,0.3573786,0.3830586
1.1483333333333334,0.3576302,0.383401
1.15,0.3578764,0.3837452
1.1516666666666666,0.3581158,0.3840606
1.1533333333333333,0.3583674,0.3843628
1.155,0.3586102,0.3846838
1.1566666666666667,0.3588756,0.3850256
1.1583333333333334,0.3591256,0.3853626
1.16,0.3593664,0.385687
1.1616666666666666,0.3596226,0.3859992
1.1633333333333333,0.3598756,0.386319
1.165,0.3601064,0.3866386
1.1666666666666667,0.3603496,0.3869634
1.1683333333333332,0.360611,0.3872746
1.17,0.3608614,0.3875922
1.1716666666666666,0.3610882,0.3879132
1.1733333333333333,0.3613422,0.388242
1.175,0.361584,0.3885792
1.1766666666666667,0.361834,0.3888952
1.1783333333333332,0.3620724,0.389209
1.18,0.3623026,0.3895186
1.1816666666666666,0.362546,0.3898568
1.1833333333333333,0.3627836,0.390177
1.185,0.363011,0.390487
1.1866666666666668,0.363265,0.3907914
1.1883333333333332,0.363486,0.3911118
1.19,0.3637274,0.391418
1.1916666666666667,0.3639878,0.3917188
1.1933333333333334,0.3642228,0.3920228
1.195,0.3644696,0.3923426
1.1966666666666668,0.3647204,0.3926518
1.1983333333333333,0.36494,0.3929544
1.2,0.3651946,0.3932768
1.2016666666666667,0.365436,0.3936104
1.2033333333333334,0.3656858,0.3939488
1.205,0.3659278,0.3942674
1.2066666666666668,0.3661502,0.3945892
1.2083333333333333,0.366399,0.3948942
1.21,0.3666282,0.3952112
1.2116666666666667,0.3668654,0.3955178
1.2133333333333334,0.367098,0.3958496
1.215,0.3673266,0.3961616
1.2166666666666666,0.3675544,0.3964624
1.2183333333333333,0.3677702,0.3967896
1.22,0.3680102,0.3971188
1.2216666666666667,0.3682234,0.3974332
1.2233333333333334,0.3684518,0.3977452
1.225,0.3686792,0.3980496
1.2266666666666666,0.3689086,0.398364
1.2283333333333333,0.3691376,0.3986696
1.23,0.3693778,0.3989882
1.2316666666666667,0.3696216,0.3992892
1.2333333333333334,0.3698646,0.3995988
1.235,0.3701076,0.399891
1.2366666666666666,0.3703406,0.4002084
1.2383333333333333,0.3705646,0.4005004
1.24,0.3707866,0.4007906
1.2416666666666667,0.371021,0.4010864
1.2433333333333334,0.3712396,0.401373
1.245,0.371459,0.4016884
1.2466666666666666,0.3716762,0.402004
1.2483333333333333,0.371897,0.4022906
1.25,0.3721244,0.4026032
1.2516666666666667,0.372358,0.4028946
1.2533333333333334,0.3725822,0.4032104
1.255,0.3728076,0.4035316
1.2566666666666666,0.3730104,0.4038282
1.2583333333333333,0.3732108,0.404136
1.26,0.373433,0.4044368
1.2616666666666667,0.3736628,0.4047546
1.2633333333333334,0.3738748,0.4050514
1.265,0.3740894,0.4053576
1.2666666666666666,0.374307,0.4056626
1.2683333333333333,0.3745228,0.405958
1.27,0.3747244,0.4062474
1.2716666666666667,0.3749352,0.4065424
1.2733333333333334,0.3751484,0.4068344
1.275,0.3753662,0.4071244
1.2766666666666666,0.3755966,0.4074378
1.2783333333333333,0.375805,0.4077572
1.28,0.3760168,0.4080488
1.2816666666666667,0.3762284,0.4083364
1.2833333333333334,0.3764518,0.4086352
1.285,0.376682,0.4089174
1.2866666666666666,0.376875,0.4092078
1.2883333333333333,0.377074,0.4095168
1.29,0.3772858,0.4098122
1.2916666666666667,0.3775028,0.4101088
1.2933333333333332,0.3777134,0.4103998
1.295,0.3779254,0.4106806
1.2966666666666666,0.3781338,0.4109778
1.2983333333333333,0.3783342,0.411252
1.3,0.3785398,0.4115566
1.3016666666666667,0.3787444,0.4118298
1.3033333333333332,0.3789586,0.4121342
1.305,0.379156,0.4124362
1.3066666666666666,0.3793634,0.412713
1.3083333333333333,0.3795826,0.412986
1.31,0.3797778,0.4132774
1.3116666666666668,0.379983,0.413564
1.3133333333333332,0.380191,0.413851
1.315,0.380399,0.4141296
1.3166666666666667,0.3805978,0.41442
1.3183333333333334,0.3807846,0.4146762
1.32,0.3809888,0.4149542
1.3216666666666668,0.3812034,0.4152474
1.3233333333333333,0.381388,0.4155394
1.325,0.3815922,0.4158422
1.3266666666666667,0.3817726,0.4161242
1.3283333333333334,0.3819682,0.4164136
1.33,0.3821696,0.4166862
1.3316666666666668,0.3823648,0.4169754
1.3333333333333333,0.3825686,0.417265
1.335,0.3827642,0.417545
1.3366666666666667,0.3829664,0.4178298
1.3383333333333334,0.383169,0.4181196
1.34,0.3833534,0.4184106
1.3416666666666666,0.3835428,0.4186978
1.3433333333333333,0.383735,0.4189772
1.345,0.3839256,0.4192562
1.3466666666666667,0.3841224,0.4195292
1.3483333333333334,0.3843262,0.4198172
1.35,0.3845434,0.420099
1.3516666666666666,0.3847312,0.420383
1.3533333333333333,0.3849114,0.4206632
1.355,0.3851112,0.420938
1.3566666666666667,0.3852998,0.4212314
1.3583333333333334,0.3854934,0.421511
1.36,0.3856914,0.4217802
1.3616666666666666,0.3858846,0.422061
1.3633333333333333,0.386063,0.422333
1.365,0.3862628,0.4226272
1.3666666666666667,0.3864422,0.4228976
1.3683333333333334,0.386632,0.4231922
1.37,0.3868152,0.4234698
1.3716666666666666,0.3870114,0.423726
1.3733333333333333,0.3871952,0.4240056
1.375,0.3873846,0.424289
1.3766666666666667,0.3875602,0.42458
1.3783333333333334,0.387758,0.4248364
1.38,0.3879352,0.425115
1.3816666666666666,0.388121,0.4254066
1.3833333333333333,0.3883174,0.4256634
1.385,0.3885062,0.4259412
1.3866666666666667,0.3886802,0.4262344
1.3883333333333334,0.3888794,0.4265058
1.39,0.3890642,0.4267792
1.3916666666666666,0.3892586,0.4270534
1.3933333333333333,0.389435,0.4273316
1.395,0.389633,0.4276078
1.3966666666666667,0.3898016,0.42788
1.3983333333333334,0.3899958,0.428165
1.4,0.3901872,0.4284356
1.4016666666666666,0.390372,0.4287142
1.4033333333333333,0.3905474,0.42898
1.405,0.3907284,0.4292416
1.4066666666666667,0.3909064,0.4295156
1.4083333333333334,0.3910784,0.4297818
1.41,0.3912624,0.4300466
1.4116666666666666,0.3914398,0.4303204
1.4133333333333333,0.3916138,0.430586
1.415,0.391784,0.4308676
1.4166666666666667,0.3919644,0.4311394
1.4183333333333332,0.3921304,0.431403
1.42,0.392316,0.4316594
1.4216666666666666,0.3924832,0.4319144
1.4233333333333333,0.3926662,0.432185
1.425,0.392853,0.4324416
1.4266666666666667,0.3930292,0.4327102
1.4283333333333332,0.393197,0.4329768
1.43,0.3933776,0.4332382
1.4316666666666666,0.3935426,0.4335036
1.4333333333333333,0.3937152,0.4337568
1.435,0.3938896,0.4340158
1.4366666666666668,0.3940638,0.4342872
1.4383333333333332,0.3942478,0.4345436
1.44,0.3944126,0.4348088
1.4416666666666667,0.3945914,0.4350978
1.4433333333333334,0.3947644,0.4353518
1.445,0.3949294,0.4356306
1.4466666666666668,0.395094,0.4359112
1.4483333333333333,0.3952612,0.4361722
1.45,0.3954206,0.4364164
1.4516666666666667,0.395596,0.4366858
1.4533333333333334,0.3957612,0.436954
1.455,0.3959312,0.4372168
1.4566666666666668,0.3960832,0.4374914
1.4583333333333333,0.396269,0.4377534
1.46,0.3964408,0.4380198
1.4616666666666667,0.396614,0.438298
1.4633333333333334,0.3967772,0.43855
1.465,0.3969444,0.4388284
1.4666666666666666,0.3971076,0.4390916
1.4683333333333333,0.3972854,0.4393504
1.47,0.3974532,0.4395958
1.4716666666666667,0.3976256,0.4398378
1.4733333333333334,0.3977912,0.4400962
1.475,0.3979554,0.4403684
1.4766666666666666,0.3981082,0.4406284
1.4783333333333333,0.3982652,0.4409134
1.48,0.3984302,0.4411746
1.4816666666666667,0.398599,0.4414178
1.4833333333333334,0.3987718,0.441664
1.485,0.3989438,0.441912
1.4866666666666666,0.3991054,0.4421648
1.4883333333333333,0.3992732,0.442426
1.49,0.3994312,0.4426562
1.4916666666666667,0.3995964,0.4429172
1.4933333333333334,0.3997546,0.4431752
1.495,0.3999078,0.4434318
1.4966666666666666,0.4000674,0.4436766
1.4983333333333333,0.4002274,0.44393
1.5,0.4003866,0.4441806
1.5016666666666667,0.4005456,0.444437
1.5033333333333334,0.4007156,0.4447002
1.505,0.4008752,0.4449496
1.5066666666666666,0.401033,0.4451958
1.5083333333333333,0.40118,0.4454522
1.51,0.4013408,0.4457066
1.5116666666666667,0.4015196,0.4459728
1.5133333333333334,0.4016776,0.4462146
1.515,0.4018366,0.446461
1.5166666666666666,0.4020018,0.4467086
1.5183333333333333,0.4021542,0.4469492
1.52,0.4023034,0.4472186
1.5216666666666667,0.402477,0.4474682
1.5233333333333334,0.4026246,0.4477212
1.525,0.4027806,0.4479676
1.5266666666666666,0.4029336,0.4482284
1.5283333333333333,0.4030872,0.4484904
1.53,0.4032478,0.4487346
1.5316666666666667,0.4034114,0.448999
1.5333333333333334,0.4035734,0.4492384
1.535,0.403719,0.4494876
1.5366666666666666,0.4038546,0.4497714
1.5383333333333333,0.4040188,0.4500224
1.54,0.4041896,0.4502754
1.5416666666666667,0.4043436,0.4505264
1.5433333333333332,0.4044938,0.4507794
1.545,0.4046388,0.4510472
1.5466666666666666,0.4047806,0.4513074
1.5483333333333333,0.404934,0.4515476
1.55,0.4050818,0.4518108
1.5516666666666667,0.4052324,0.4520462
1.5533333333333332,0.4053754,0.4522834
1.555,0.405535,0.4525446
1.5566666666666666,0.4056988,0.452796
1.5583333333333333,0.4058462,0.4530402
1.56,0.4059976,0.4532926
1.5616666666666668,0.4061486,0.453515
1.5633333333333332,0.4063028,0.4537624
1.565,0.4064478,0.4540136
1.5666666666666667,0.4066034,0.4542606
1.5683333333333334,0.4067314,0.4544854
1.57,0.4068874,0.4547254
1.5716666666666668,0.40705,0.4549638
1.5733333333333333,0.4072104,0.4552152
1.575,0.4073678,0.4554482
1.5766666666666667,0.4075184,0.4556712
1.5783333333333334,0.4076666,0.4559058
1.58,0.4078108,0.4561464
1.5816666666666668,0.4079532,0.4563832
1.5833333333333333,0.4080928,0.4566074
1.585,0.4082438,0.4568468
1.5866666666666667,0.4083828,0.4570988
1.5883333333333334,0.4085146,0.4573484
1.59,0.408655,0.4575882
1.5916666666666666,0.4087864,0.4578172
1.5933333333333333,0.4089202,0.4580576
1.595,0.4090626,0.4582842
1.5966666666666667,0.4091996,0.4585218
1.5983333333333334,0.4093372,0.4587498
1.6,0.4094688,0.4589834
1.6016666666666666,0.4096212,0.4592218
1.6033333333333333,0.4097624,0.4594614
1.605,0.40991,0.459691
1.6066666666666667,0.4100404,0.4599274
1.6083333333333334,0.4101704,0.460162
1.61,0.4103038,0.4604078
1.6116666666666666,0.4104444,0.4606368
1.6133333333333333,0.410586,0.4608634
1.615,0.410734,0.4611038
1.6166666666666667,0.4108692,0.46133
1.6183333333333334,0.4110036,0.4615722
1.62,0.4111496,0.4617968
1.6216666666666666,0.4112904,0.4620438
1.6233333333333333,0.411427,0.4622748
1.625,0.4115564,0.4625058
1.6266666666666667,0.4116772,0.4627454
1.6283333333333334,0.411814,0.4629734
1.63,0.411955,0.4632216
1.6316666666666666,0.4120864,0.4634476
1.6333333333333333,0.4122132,0.4636896
1.635,0.412335,0.4639276
1.6366666666666667,0.4124668,0.4641502
1.6383333333333334,0.4126108,0.4644038
1.64,0.4127526,0.4646256
1.6416666666666666,0.4128826,0.464849
1.6433333333333333,0.4130164,0.4650808
1.645,0.4131354,0.4653124
1.6466666666666667,0.413268,0.4655534
1.6483333333333334,0.41341,0.4657586
1.65,0.4135438,0.4660024
1.6516666666666666,0.413679,0.46623
1.6533333333333333,0.4138062,0.46647
1.655,0.413934,0.4667164
1.6566666666666667,0.4140716,0.4669574
1.6583333333333334,0.4141964,0.467178
1.66,0.4143206,0.4674108
1.6616666666666666,0.4144428,0.4676416
1.6633333333333333,0.4145652,0.467862
1.665,0.4146966,0.468088
1.6666666666666667,0.4148162,0.468319
1.6683333333333332,0.4149366,0.4685374
1.67,0.4150652,0.4687582
1.6716666666666666,0.4151832,0.4689846
1.6733333333333333,0.4153022,0.4692174
1.675,0.4154264,0.4694476
1.6766666666666667,0.4155614,0.4696646
1.6783333333333332,0.4156896,0.4698844
1.68,0.4158132,0.470117
1.6816666666666666,0.415946,0.4703604
1.6833333333333333,0.4160668,0.4705926
1.685,0.4161918,0.4708164
1.6866666666666668,0.4163318,0.4710456
1.6883333333333332,0.4164534,0.4712708
1.69,0.4165724,0.4714908
1.6916666666666667,0.4166912,0.4717284
1.6933333333333334,0.4168148,0.4719474
1.695,0.4169626,0.4721714
1.6966666666666668,0.4170826,0.4723744
1.6983333333333333,0.4171998,0.4725888
1.7,0.4173206,0.4728096
1.7016666666666667,0.417447,0.4730178
1.7033333333333334,0.417573,0.473236
1.705,0.4177038,0.473452
1.7066666666666668,0.417839,0.4736542
1.7083333333333333,0.417963,0.4738776
1.71,0.4180854,0.474082
1.7116666666666667,0.4182178,0.474295
1.7133333333333334,0.418344,0.4745008
1.715,0.4184686,0.4747294
1.7166666666666666,0.418584,0.4749504
1.7183333333333333,0.4186926,0.475178
1.72,0.418813,0.4753842
1.7216666666666667,0.4189346,0.4756108
1.7233333333333334,0.419058,0.4758368
1.725,0.4191806,0.4760378
1.7266666666666666,0.4193004,0.4762548
1.7283333333333333,0.4194182,0.4764684
1.73,0.4195378,0.476695
1.7316666666666667,0.419656,0.4769234
1.7333333333333334,0.419775,0.4771434
1.735,0.4198944,0.4773624
1.7366666666666666,0.420001,0.4775916
1.7383333333333333,0.4201036,0.4778
1.74,0.4202172,0.4780328
1.7416666666666667,0.4203452,0.4782442
1.7433333333333334,0.4204586,0.478444
1.745,0.4205918,0.478671
1.7466666666666666,0.4207266,0.4788868
1.7483333333333333,0.4208394,0.4791068
1.75,0.4209584,0.4793122
1.7516666666666667,0.42107,0.479563
1.7533333333333334,0.4211868,0.4797862
1.755,0.4213106,0.479992
1.7566666666666666,0.4214288,0.480223
1.7583333333333333,0.4215422,0.4804332
1.76,0.4216556,0.4806478
1.7616666666666667,0.421772,0.4808574
1.7633333333333334,0.4218844,0.4810708
1.765,0.4220062,0.4812794
1.7666666666666666,0.42212,0.4814918
1.7683333333333333,0.422223,0.4817064
1.77,0.4223458,0.4819184
1.7716666666666667,0.4224668,0.4821342
1.7733333333333334,0.422577,0.4823382
1.775,0.4226928,0.4825524
1.7766666666666666,0.4228022,0.4827622
1.7783333333333333,0.4229074,0.4829732
1.78,0.42302,0.4831948
1.7816666666666667,0.4231318,0.4833972
1.7833333333333334,0.4232408,0.4836034
1.785,0.4233474,0.4838138
1.7866666666666666,0.423461,0.4840124
1.7883333333333333,0.42357,0.4842248
1.79,0.4236674,0.484419
1.7916666666666667,0.423774,0.4846384
1.7933333333333332,0.4238946,0.4848406
1.795,0.4240058,0.4850272
1.7966666666666666,0.424118,0.4852298
1.7983333333333333,0.4242314,0.4854298
1.8,0.4243436,0.4856436
1.8016666666666667,0.424447,0.4858524
1.8033333333333332,0.4245446,0.486072
1.805,0.4246528,0.486293
1.8066666666666666,0.4247654,0.4865
1.8083333333333333,0.424863,0.4867052
1.81,0.4249628,0.4869106
1.8116666666666668,0.4250594,0.4871186
1.8133333333333332,0.4251542,0.4872984
1.815,0.4252748,0.487514
1.8166666666666667,0.4253804,0.487714
1.8183333333333334,0.4254762,0.4879172
1.82,0.4255864,0.4881368
1.8216666666666668,0.4257036,0.48834
1.8233333333333333,0.4258036,0.4885454
1.825,0.425928,0.4887654
1.8266666666666667,0.4260426,0.4889644
1.8283333333333334,0.4261428,0.4891556
1.83,0.4262438,0.4893594
1.8316666666666668,0.4263552,0.4895484
1.8333333333333333,0.4264482,0.4897404
1.835,0.4265512,0.4899306
1.8366666666666667,0.4266452,0.4901412
1.8383333333333334,0.4267456,0.4903388
1.84,0.4268492,0.4905438
1.8416666666666666,0.4269464,0.4907522
1.8433333333333333,0.4270534,0.4909542
1.845,0.4271554,0.4911556
1.8466666666666667,0.4272546,0.4913566
1.8483333333333334,0.4273546,0.4915684
1.85,0.427466,0.4917848
1.8516666666666666,0.4275552,0.4920112
1.8533333333333333,0.4276522,0.4922188
1.855,0.427755,0.4924244
1.8566666666666667,0.4278518,0.4926334
1.8583333333333334,0.4279518,0.4928196
1.86,0.4280534,0.4930192
1.8616666666666666,0.4281548,0.4932274
1.8633333333333333,0.4282532,0.493423
1.865,0.4283506,0.4936248
1.8666666666666667,0.4284546,0.4938216
1.8683333333333334,0.42856,0.4940188
1.87,0.4286582,0.494213
1.8716666666666666,0.4287538,0.4944156
1.8733333333333333,0.428848,0.4946186
1.875,0.4289486,0.4948274
1.8766666666666667,0.429045,0.4950434
1.8783333333333334,0.4291406,0.495239
1.88,0.4292324,0.4954454
1.8816666666666666,0.4293238,0.495652
1.8833333333333333,0.4294182,0.4958406
1.885,0.4295122,0.4960426
1.8866666666666667,0.4296092,0.4962502
1.8883333333333334,0.4297066,0.4964624
1.89,0.429804,0.4966604
1.8916666666666666,0.429894,0.496863
1.8933333333333333,0.429984,0.4970622
1.895,0.4300838,0.4972592
1.8966666666666667,0.4301716,0.4974794
1.8983333333333334,0.4302618,0.4976798
1.9,0.4303466,0.4978808
1.9016666666666666,0.4304472,0.498096
1.9033333333333333,0.430546,0.4982922
1.905,0.4306252,0.4984944
1.9066666666666667,0.4307314,0.4986802
1.9083333333333334,0.4308288,0.4988888
1.91,0.4309264,0.4990968
1.9116666666666666,0.4310244,0.4992822
1.9133333333333333,0.431117,0.499478
1.915,0.4312064,0.4996718
1.9166666666666667,0.4312962,0.499884
1.9183333333333332,0.431392,0.500072
1.92,0.4314842,0.5002668
1.9216666666666666,0.4315836,0.5004574
1.9233333333333333,0.4316732,0.5006618
1.925,0.4317648,0.5008482
1.9266666666666667,0.4318578,0.501035
1.9283333333333332,0.4319502,0.5012228
1.93,0.4320452,0.5014302
1.9316666666666666,0.4321334,0.5016224
1.9333333333333333,0.4322206,0.501817
1.935,0.4323068,0.5019974
1.9366666666666668,0.432402,0.5021792
1.9383333333333332,0.432501,0.5023816
1.94,0.4325878,0.5025706
1.9416666666666667,0.432679,0.5027634
1.9433333333333334,0.4327642,0.5029516
1.945,0.4328478,0.5031472
1.9466666666666668,0.4329326,0.5033454
1.9483333333333333,0.4330122,0.5035314
1.95,0.4330958,0.5037382
1.9516666666666667,0.4331856,0.503941
1.9533333333333334,0.43328,0.504137
1.955,0.4333692,0.5043374
1.9566666666666668,0.4334492,0.5045332
1.9583333333333333,0.4335316,0.504713
1.96,0.4336124,0.504897
1.9616666666666667,0.4336972,0.5051054
1.9633333333333334,0.4337862,0.5052952
1.965,0.433871,0.5054852
1.9666666666666666,0.4339586,0.5056688
1.9683333333333333,0.434039,0.5058616
1.97,0.4341308,0.5060498
1.9716666666666667,0.4342154,0.5062346
1.9733333333333334,0.4343058,0.50642
1.975,0.4343846,0.506617
1.9766666666666666,0.4344692,0.506805
1.9783333333333333,0.4345462,0.5069946
1.98,0.434631,0.5071954
1.9816666666666667,0.4347108,0.5073792
1.9833333333333334,0.4348026,0.5075778
1.985,0.4348824,0.507754
1.9866666666666666,0.4349548,0.5079356
1.9883333333333333,0.4350432,0.5081468
1.99,0.4351312,0.5083428
1.9916666666666667,0.4352202,0.5085246
1.9933333333333334,0.435303,0.508715
1.995,0.4353764,0.5089056
1.9966666666666666,0.4354634,0.5091012
1.9983333333333333,0.435537,0.5092786
2.0,0.4356194,0.5094736
2.0016666666666665,0.4356974,0.5095484
2.0033333333333334,0.4357896,0.509618
2.005,0.43588,0.5096898
2.006666666666667,0.4359626,0.5097542
2.0083333333333333,0.436043,0.5098322
2.01,0.4361238,0.509907
2.0116666666666667,0.4362062,0.5099832
2.013333333333333,0.4362848,0.510058
2.015,0.4363606,0.5101392
2.0166666666666666,0.4364482,0.5102182
2.0183333333333335,0.436526,0.5102948
2.02,0.4366016,0.5103684
2.0216666666666665,0.4366758,0.5104324
2.0233333333333334,0.4367562,0.5105018
2.025,0.4368346,0.5105758
2.026666666666667,0.4369208,0.5106482
2.0283333333333333,0.4369906,0.5107186
2.03,0.4370592,0.5107888
2.0316666666666667,0.437141,0.5108626
2.033333333333333,0.4372212,0.5109306
2.035,0.4373104,0.5110042
2.0366666666666666,0.4373868,0.511074
2.0383333333333336,0.4374708,0.5111486
2.04,0.437552,0.5112156
2.0416666666666665,0.4376312,0.5112794
2.0433333333333334,0.4377056,0.5113516
2.045,0.4377784,0.5114212
2.046666666666667,0.4378544,0.511487
2.0483333333333333,0.4379316,0.5115558
2.05,0.4380096,0.5116208
2.0516666666666667,0.4380878,0.5116854
2.0533333333333332,0.4381686,0.5117504
2.055,0.438243,0.511823
2.0566666666666666,0.4383244,0.5118956
2.058333333333333,0.4383948,0.5119618
2.06,0.4384876,0.5120284
2.0616666666666665,0.4385604,0.5121
2.0633333333333335,0.4386396,0.5121752
2.065,0.4387112,0.5122486
2.066666666666667,0.4387944,0.5123136
2.0683333333333334,0.4388642,0.5123776
2.07,0.4389372,0.5124462
2.0716666666666668,0.4390128,0.5125122
2.0733333333333333,0.4390998,0.5125796
2.075,0.4391638,0.5126444
2.0766666666666667,0.43924,0.5127052
2.078333333333333,0.4393166,0.5127688
2.08,0.4393884,0.512825
2.0816666666666666,0.4394702,0.5128954
2.0833333333333335,0.439544,0.5129636
2.085,0.439625,0.5130308
2.0866666666666664,0.439692,0.5131018
2.0883333333333334,0.4397688,0.5131678
2.09,0.4398408,0.5132322
2.091666666666667,0.4399214,0.5132982
2.0933333333333333,0.439986,0.5133638
2.095,0.4400618,0.513422
2.0966666666666667,0.440131,0.5134848
2.098333333333333,0.4401962,0.5135442
2.1,0.440275,0.513618
2.1016666666666666,0.4403526,0.5136896
2.1033333333333335,0.4404262,0.5137522
2.105,0.440506,0.5138116
2.1066666666666665,0.4405684,0.5138726
2.1083333333333334,0.4406362,0.5139418
2.11,0.4407112,0.5140046
2.111666666666667,0.4407808,0.5140716
2.1133333333333333,0.4408516,0.5141404
2.115,0.4409272,0.5141982
2.1166666666666667,0.4409972,0.5142584
2.118333333333333,0.441073,0.5143256
2.12,0.4411376,0.5143784
2.1216666666666666,0.4412112,0.5144424
2.1233333333333335,0.4412874,0.514503
2.125,0.441358,0.514564
2.1266666666666665,0.4414224,0.5146248
2.1283333333333334,0.441493,0.5146842
2.13,0.4415542,0.5147442
2.131666666666667,0.4416232,0.5148056
2.1333333333333333,0.4416898,0.5148638
2.135,0.441766,0.5149162
2.1366666666666667,0.4418356,0.5149722
2.138333333333333,0.4419026,0.515038
2.14,0.4419726,0.515102
2.1416666666666666,0.4420416,0.515162
2.1433333333333335,0.442107,0.5152144
2.145,0.4421738,0.5152694
2.1466666666666665,0.4422556,0.5153348
2.1483333333333334,0.4423198,0.5153918
2.15,0.4423818,0.5154472
2.151666666666667,0.442454,0.515511
2.1533333333333333,0.4425262,0.5155748
2.155,0.4425954,0.5156354
2.1566666666666667,0.4426608,0.5156978
2.158333333333333,0.4427244,0.5157468
2.16,0.4427894,0.5158088
2.1616666666666666,0.4428554,0.5158664
2.1633333333333336,0.442919,0.5159164
2.165,0.4429852,0.5159682
2.1666666666666665,0.4430516,0.5160222
2.1683333333333334,0.4431186,0.5160758
2.17,0.4431874,0.5161346
2.171666666666667,0.4432428,0.516197
2.1733333333333333,0.4433088,0.5162498
2.175,0.44337,0.5163082
2.1766666666666667,0.443439,0.5163632
2.1783333333333332,0.4435016,0.5164236
2.18,0.443568,0.5164822
2.1816666666666666,0.4436228,0.5165444
2.183333333333333,0.4436798,0.5166074
2.185,0.4437442,0.5166598
2.1866666666666665,0.4437992,0.5167152
2.1883333333333335,0.4438596,0.516772
2.19,0.443922,0.5168312
2.191666666666667,0.4439808,0.5168966
2.1933333333333334,0.4440376,0.5169574
2.195,0.4440974,0.517017
2.1966666666666668,0.444154,0.5170712
2.1983333333333333,0.4442186,0.5171238
2.2,0.44428,0.5171796
2.2016666666666667,0.4443316,0.517237
2.203333333333333,0.44439,0.5172844
2.205,0.4444486,0.5173408
2.2066666666666666,0.444507,0.5174056
2.2083333333333335,0.4445696,0.5174508
2.21,0.4446326,0.5175042
2.2116666666666664,0.4446986,0.5175638
2.2133333333333334,0.4447584,0.5176146
2.215,0.4448236,0.517667
2.216666666666667,0.4448828,0.5177198
2.2183333333333333,0.444944,0.5177692
2.22,0.445004,0.5178242
2.2216666666666667,0.445064,0.5178692
2.223333333333333,0.4451186,0.5179158
2.225,0.445174,0.517961
2.2266666666666666,0.4452312,0.5180168
2.2283333333333335,0.4452864,0.5180736
2.23,0.445345,0.518125
2.2316666666666665,0.4454002,0.5181846
2.2333333333333334,0.4454602,0.5182422
2.235,0.4455264,0.5182902
2.236666666666667,0.4455794,0.5183454
2.2383333333333333,0.4456268,0.5183952
2.24,0.4456842,0.5184444
2.2416666666666667,0.4457432,0.5184926
2.243333333333333,0.4457976,0.518556
2.245,0.4458542,0.5186092
2.2466666666666666,0.4459144,0.5186572
2.2483333333333335,0.4459714,0.5187044
2.25,0.4460346,0.5187476
2.2516666666666665,0.446087,0.5187944
2.2533333333333334,0.446142,0.5188572
2.255,0.4461942,0.5189142
2.256666666666667,0.4462446,0.5189654
2.2583333333333333,0.446294,0.5190084
2.26,0.4463542,0.5190566
2.2616666666666667,0.4464092,0.5191018
2.263333333333333,0.4464618,0.5191426
2.265,0.446524,0.5191934
2.2666666666666666,0.446589,0.519236
2.2683333333333335,0.4466498,0.519285
2.27,0.4467054,0.519329
2.2716666666666665,0.4467632,0.5193788
2.2733333333333334,0.4468222,0.5194398
2.275,0.4468788,0.5194854
2.276666666666667,0.4469332,0.5195318
2.2783333333333333,0.4469926,0.5195834
2.28,0.4470438,0.5196324
2.2816666666666667,0.4470944,0.5196774
2.283333333333333,0.4471464,0.5197214
2.285,0.447199,0.5197624
2.2866666666666666,0.447251,0.519813
2.2883333333333336,0.4473102,0.5198594
2.29,0.4473594,0.519915
2.2916666666666665,0.4474136,0.5199614
2.2933333333333334,0.4474656,0.5200046
2.295,0.4475136,0.5200612
2.296666666666667,0.4475708,0.5201042
2.2983333333333333,0.4476262,0.5201496
2.3,0.4476736,0.5201994
2.3016666666666667,0.4477234,0.5202454
2.3033333333333332,0.4477842,0.5202898
2.305,0.44784,0.5203306
2.3066666666666666,0.4478924,0.5203874
2.308333333333333,0.4479472,0.5204322
2.31,0.4480034,0.520471
2.3116666666666665,0.448052,0.520518
2.3133333333333335,0.448104,0.5205636
2.315,0.4481532,0.5206026
2.316666666666667,0.4482072,0.5206562
2.3183333333333334,0.4482536,0.5207036
2.32,0.4482958,0.5207538
2.3216666666666668,0.4483404,0.5207976
2.3233333333333333,0.4483938,0.5208434
2.325,0.4484426,0.5208804
2.3266666666666667,0.4484924,0.5209208
2.328333333333333,0.4485368,0.5209632
2.33,0.448586,0.5209992
2.3316666666666666,0.448647,0.5210448
2.3333333333333335,0.4487048,0.52109
2.335,0.4487538,0.5211358
2.3366666666666664,0.4488084,0.5211804
2.3383333333333334,0.448858,0.5212238
2.34,0.4489118,0.5212656
2.341666666666667,0.4489578,0.5213102
2.3433333333333333,0.4490164,0.5213568
2.345,0.4490582,0.5214012
2.3466666666666667,0.4491034,0.521441
2.348333333333333,0.4491464,0.521483
2.35,0.4491938,0.5215238
2.3516666666666666,0.4492326,0.5215588
2.3533333333333335,0.4492736,0.5215964
2.355,0.4493258,0.5216384
2.3566666666666665,0.4493774,0.5216818
2.3583333333333334,0.4494204,0.5217328
2.36,0.4494664,0.5217724
2.361666666666667,0.4495062,0.5218142
2.3633333333333333,0.4495606,0.5218666
2.365,0.449603,0.5219018
2.3666666666666667,0.4496486,0.521935
2.368333333333333,0.4496948,0.5219756
2.37,0.449737,0.5220172
2.3716666666666666,0.4497824,0.5220556
2.3733333333333335,0.4498304,0.5220998
2.375,0.449878,0.5221402
2.3766666666666665,0.4499292,0.5221828
2.3783333333333334,0.4499676,0.5222188
2.38,0.4500238,0.5222636
2.381666666666667,0.450071,0.5223092
2.3833333333333333,0.4501074,0.5223508
2.385,0.4501588,0.5223902
2.3866666666666667,0.4502074,0.5224286
2.388333333333333,0.4502578,0.5224638
2.39,0.4502986,0.5225062
2.3916666666666666,0.4503474,0.5225524
2.3933333333333335,0.450393,0.5225922
2.395,0.450431,0.5226348
2.3966666666666665,0.4504734,0.5226748
2.3983333333333334,0.4505214,0.5227134
2.4,0.450575,0.5227576
2.401666666666667,0.4506134,0.5227932
2.4033333333333333,0.4506542,0.5228266
2.405,0.450693,0.5228664
2.4066666666666667,0.4507436,0.5229086
2.408333333333333,0.4507928,0.5229572
2.41,0.4508384,0.5229966
2.4116666666666666,0.4508758,0.5230344
2.4133333333333336,0.450918,0.5230752
2.415,0.450968,0.523114
2.4166666666666665,0.4510118,0.52316
2.4183333333333334,0.4510644,0.5231966
2.42,0.451108,0.5232316
2.421666666666667,0.4511586,0.5232714
2.4233333333333333,0.4512046,0.52331
2.425,0.4512448,0.5233548
2.4266666666666667,0.451287,0.523391
2.4283333333333332,0.451327,0.5234318
2.43,0.451373,0.5234702
2.4316666666666666,0.4514132,0.5235094
2.433333333333333,0.4514512,0.5235474
2.435,0.4514892,0.5235828
2.4366666666666665,0.4515284,0.5236168
2.4383333333333335,0.4515752,0.5236536
2.44,0.451623,0.5236932
2.441666666666667,0.4516684,0.5237252
2.4433333333333334,0.4517036,0.5237656
2.445,0.4517438,0.5238024
2.4466666666666668,0.4517876,0.523837
2.4483333333333333,0.4518382,0.5238822
2.45,0.4518834,0.5239226
2.4516666666666667,0.4519252,0.5239602
2.453333333333333,0.4519632,0.5239942
2.455,0.4519992,0.5240256
2.4566666666666666,0.452043,0.5240626
2.4583333333333335,0.4520864,0.5241042
2.46,0.4521274,0.5241428
2.4616666666666664,0.4521626,0.5241714
2.4633333333333334,0.4521946,0.524207
2.465,0.4522336,0.5242426
2.466666666666667,0.4522814,0.5242806
2.4683333333333333,0.4523196,0.5243144
2.47,0.4523632,0.5243508
2.4716666666666667,0.4524026,0.5243922
2.473333333333333,0.4524422,0.5244278
2.475,0.4524826,0.524461
2.4766666666666666,0.4525172,0.5244928
2.4783333333333335,0.4525532,0.5245312
2.48,0.452598,0.5245628
2.4816666666666665,0.452639,0.5245978
2.4833333333333334,0.4526758,0.5246324
2.485,0.4527152,0.5246688
2.486666666666667,0.4527528,0.524702
2.4883333333333333,0.4527994,0.52474
2.49,0.4528326,0.524773
2.4916666666666667,0.4528748,0.5248
2.493333333333333,0.4529168,0.5248328
2.495,0.452957,0.5248634
2.4966666666666666,0.4529964,0.5248944
2.4983333333333335,0.4530274,0.5249282
2.5,0.4530646,0.5249648
2.5016666666666665,0.4530992,0.5249976
2.5033333333333334,0.4531418,0.5250348
2.505,0.4531806,0.525072
2.506666666666667,0.4532216,0.5251136
2.5083333333333333,0.4532548,0.5251478
2.51,0.453288,0.5251802
2.5116666666666667,0.4533302,0.5252082
2.513333333333333,0.4533676,0.5252452
2.515,0.4534008,0.5252784
2.5166666666666666,0.4534374,0.5253074
2.5183333333333335,0.4534708,0.5253404
2.52,0.4535086,0.5253752
2.5216666666666665,0.4535466,0.5254094
2.5233333333333334,0.453582,0.525436
2.525,0.4536124,0.5254684
2.526666666666667,0.453643,0.525501
2.5283333333333333,0.4536758,0.5255352
2.53,0.453711,0.5255632
2.5316666666666667,0.4537454,0.5255972
2.533333333333333,0.4537892,0.5256354
2.535,0.4538258,0.525666
2.5366666666666666,0.4538604,0.525699
2.5383333333333336,0.45389,0.525731
2.54,0.453923,0.5257556
2.5416666666666665,0.4539548,0.5257842
2.5433333333333334,0.4539952,0.5258152
2.545,0.4540294,0.5258448
2.546666666666667,0.454067,0.5258768
2.5483333333333333,0.4540974,0.5259148
2.55,0.4541276,0.5259424
2.5516666666666667,0.4541562,0.5259744
2.5533333333333332,0.454191,0.5260042
2.555,0.454223,0.5260414
2.5566666666666666,0.4542586,0.5260766
2.558333333333333,0.4542902,0.526112
2.56,0.454323,0.5261412
2.5616666666666665,0.4543556,0.5261706
2.5633333333333335,0.4543878,0.5262048
2.565,0.4544174,0.5262372
2.566666666666667,0.4544442,0.5262674
2.5683333333333334,0.4544782,0.5262982
2.57,0.4545148,0.5263286
2.5716666666666668,0.4545514,0.526361
2.5733333333333333,0.4545812,0.5263922
2.575,0.4546194,0.5264232
2.5766666666666667,0.4546506,0.5264574
2.578333333333333,0.454687,0.52648
2.58,0.4547234,0.526511
2.5816666666666666,0.4547582,0.5265436
2.5833333333333335,0.4547856,0.5265738
2.585,0.4548174,0.5266024
2.5866666666666664,0.45485,0.526629
2.5883333333333334,0.4548772,0.526653
2.59,0.4549098,0.5266866
2.591666666666667,0.4549402,0.5267138
2.5933333333333333,0.4549666,0.5267472
2.595,0.4549988,0.5267822
2.5966666666666667,0.4550306,0.5268092
2.598333333333333,0.45506,0.5268338
2.6,0.4550878,0.526859
2.6016666666666666,0.4551198,0.5268842
2.6033333333333335,0.4551468,0.526918
2.605,0.4551794,0.526946
2.6066666666666665,0.4552066,0.5269712
2.6083333333333334,0.4552372,0.5269926
2.61,0.4552694,0.5270258
2.611666666666667,0.4552994,0.5270522
2.6133333333333333,0.4553364,0.5270804
2.615,0.4553698,0.527108
2.6166666666666667,0.4553932,0.5271402
2.618333333333333,0.4554232,0.527172
2.62,0.4554468,0.5272006
2.6216666666666666,0.4554746,0.5272252
2.6233333333333335,0.4555032,0.5272566
2.625,0.4555382,0.5272814
2.6266666666666665,0.4555648,0.5273138
2.6283333333333334,0.4555942,0.5273424
2.63,0.455626,0.5273686
2.631666666666667,0.4556618,0.5273952
2.6333333333333333,0.455694,0.5274278
2.635,0.4557192,0.5274572
2.6366666666666667,0.4557478,0.5274888
2.638333333333333,0.4557806,0.5275192
2.64,0.4558086,0.5275488
2.6416666666666666,0.455839,0.5275702
2.6433333333333335,0.4558668,0.5275918
2.645,0.4558968,0.5276166
2.6466666666666665,0.4559308,0.5276436
2.6483333333333334,0.4559606,0.5276704
2.65,0.4559928,0.527692
2.651666666666667,0.456015,0.5277182
2.6533333333333333,0.4560456,0.5277396
2.655,0.4560708,0.5277634
2.6566666666666667,0.4560966,0.5277912
2.658333333333333,0.4561236,0.5278172
2.66,0.4561502,0.5278496
2.6616666666666666,0.4561768,0.5278752
2.6633333333333336,0.4562002,0.5278998
2.665,0.4562254,0.5279214
2.6666666666666665,0.4562574,0.5279386
2.6683333333333334,0.456287,0.5279652
2.67,0.4563152,0.5279962
2.671666666666667,0.4563404,0.5280222
2.6733333333333333,0.456371,0.5280516
2.675,0.4563958,0.5280746
2.6766666666666667,0.4564222,0.5280966
2.6783333333333332,0.4564512,0.5281196
2.68,0.4564782,0.5281434
2.6816666666666666,0.4565086,0.5281698
2.683333333333333,0.4565394,0.5281916
2.685,0.4565664,0.528208
2.6866666666666665,0.456591,0.5282276
2.6883333333333335,0.4566214,0.5282552
2.69,0.456645,0.528278
2.691666666666667,0.456673,0.5283056
2.6933333333333334,0.4566966,0.5283298
2.695,0.4567218,0.5283526
2.6966666666666668,0.4567446,0.5283796
2.6983333333333333,0.4567746,0.5284056
2.7,0.456806,0.5284268
2.7016666666666667,0.4568328,0.5284532
2.703333333333333,0.4568554,0.5284816
2.705,0.456881,0.528512
2.7066666666666666,0.4569026,0.528534
2.7083333333333335,0.456924,0.528564
2.71,0.4569496,0.5285878
2.7116666666666664,0.456973,0.5286086
2.7133333333333334,0.4569988,0.5286304
2.715,0.4570214,0.528652
2.716666666666667,0.4570416,0.5286764
2.7183333333333333,0.4570698,0.5286952
2.72,0.4570924,0.5287192
2.7216666666666667,0.4571132,0.5287426
2.723333333333333,0.4571442,0.5287682
2.725,0.4571658,0.5287946
2.7266666666666666,0.4571898,0.5288232
2.7283333333333335,0.457217,0.5288412
2.73,0.4572376,0.528864
2.7316666666666665,0.4572588,0.5288902
2.7333333333333334,0.4572814,0.5289188
2.735,0.4573012,0.5289408
2.736666666666667,0.4573252,0.5289626
2.7383333333333333,0.4573536,0.52898
2.74,0.4573812,0.5290006
2.7416666666666667,0.457403,0.529023
2.743333333333333,0.4574292,0.5290382
2.745,0.4574502,0.5290602
2.7466666666666666,0.4574772,0.5290826
2.7483333333333335,0.457503,0.5291042
2.75,0.4575258,0.52913
2.7516666666666665,0.4575506,0.5291524
2.7533333333333334,0.457571,0.5291754
2.755,0.4575934,0.529198
2.756666666666667,0.4576112,0.5292196
2.7583333333333333,0.4576336,0.529245
2.76,0.4576642,0.5292684
2.7616666666666667,0.4576884,0.5292918
2.763333333333333,0.4577116,0.5293086
2.765,0.457729,0.5293318
2.7666666666666666,0.4577558,0.5293562
2.7683333333333335,0.4577778,0.5293824
2.77,0.4578008,0.5294046
2.7716666666666665,0.4578234,0.5294252
2.7733333333333334,0.4578434,0.5294434
2.775,0.457868,0.529466
2.776666666666667,0.4578894,0.529492
2.7783333333333333,0.457915,0.5295116
2.78,0.457938,0.5295322
2.7816666666666667,0.4579596,0.5295496
2.783333333333333,0.4579788,0.5295754
2.785,0.458001,0.5295956
2.7866666666666666,0.4580184,0.5296174
2.7883333333333336,0.458036,0.5296434
2.79,0.458057,0.5296616
2.7916666666666665,0.4580758,0.5296772
2.7933333333333334,0.4580994,0.5296998
2.795,0.4581226,0.5297236
2.796666666666667,0.4581418,0.5297434
2.7983333333333333,0.4581626,0.5297676
2.8,0.4581776,0.5297904
2.8016666666666667,0.4581966,0.5298126
2.8033333333333332,0.4582154,0.5298306
2.805,0.4582352,0.52985
2.8066666666666666,0.4582512,0.5298724
2.808333333333333,0.458276,0.529899
2.81,0.4582984,0.5299132
2.8116666666666665,0.4583198,0.5299326
2.8133333333333335,0.4583394,0.5299498
2.815,0.4583646,0.5299736
2.816666666666667,0.458382,0.5299922
2.8183333333333334,0.4584026,0.5300118
2.82,0.458426,0.5300304
2.8216666666666668,0.4584466,0.5300502
2.8233333333333333,0.4584608,0.5300716
2.825,0.4584796,0.5300918
2.8266666666666667,0.4584972,0.5301148
2.828333333333333,0.4585134,0.5301324
2.83,0.4585356,0.53015
2.8316666666666666,0.4585528,0.530169
2.8333333333333335,0.458573,0.5301874
2.835,0.458593,0.5302098
2.8366666666666664,0.458611,0.5302334
2.8383333333333334,0.458631,0.5302532
2.84,0.4586452,0.5302738
2.841666666666667,0.4586608,0.5302908
2.8433333333333333,0.4586758,0.5303106
2.845,0.4586966,0.5303314
2.8466666666666667,0.4587174,0.5303486
2.848333333333333,0.4587368,0.5303684
2.85,0.4587504,0.5303856
2.8516666666666666,0.4587678,0.5304002
2.8533333333333335,0.4587866,0.5304176
2.855,0.4588054,0.5304334
2.8566666666666665,0.4588226,0.5304502
2.8583333333333334,0.4588406,0.530465
2.86,0.4588534,0.5304896
2.861666666666667,0.458871,0.5305052
2.8633333333333333,0.4588892,0.530527
2.865,0.458906,0.5305454
2.8666666666666667,0.4589208,0.5305616
2.868333333333333,0.4589344,0.5305802
2.87,0.4589488,0.5305978
2.8716666666666666,0.4589682,0.5306138
2.8733333333333335,0.458986,0.5306334
2.875,0.4590016,0.5306526
2.8766666666666665,0.4590174,0.5306702
2.8783333333333334,0.4590346,0.5306918
2.88,0.4590524,0.530705
2.881666666666667,0.4590686,0.5307232
2.8833333333333333,0.4590862,0.5307442
2.885,0.459105,0.5307606
2.8866666666666667,0.4591178,0.5307802
2.888333333333333,0.4591378,0.5308024
2.89,0.459156,0.5308156
2.8916666666666666,0.4591736,0.5308306
2.8933333333333335,0.4591882,0.5308472
2.895,0.4592038,0.5308622
2.8966666666666665,0.4592186,0.5308802
2.8983333333333334,0.4592328,0.5308956
2.9,0.4592488,0.530916
2.901666666666667,0.4592636,0.53093
2.9033333333333333,0.4592786,0.5309506
2.905,0.4592998,0.5309682
2.9066666666666667,0.4593144,0.5309868
2.908333333333333,0.459328,0.531006
2.91,0.4593396,0.5310198
2.9116666666666666,0.4593566,0.5310366
2.9133333333333336,0.459373,0.5310508
2.915,0.4593874,0.5310626
2.9166666666666665,0.4593998,0.5310752
2.9183333333333334,0.4594148,0.5310982
2.92,0.459435,0.5311106
2.921666666666667,0.4594522,0.5311248
2.9233333333333333,0.4594658,0.5311384
2.925,0.4594822,0.53115
2.9266666666666667,0.4595014,0.5311636
2.9283333333333332,0.4595192,0.531177
2.93,0.459533,0.5311904
2.9316666666666666,0.4595442,0.5312046
2.933333333333333,0.4595576,0.5312232
2.935,0.4595686,0.5312392
2.9366666666666665,0.4595842,0.5312524
2.9383333333333335,0.4595976,0.531268
2.94,0.4596128,0.5312834
2.941666666666667,0.459624,0.5313004
2.9433333333333334,0.4596368,0.5313148
2.945,0.459652,0.5313298
2.9466666666666668,0.4596682,0.531345
2.9483333333333333,0.4596808,0.5313646
2.95,0.4596944,0.5313794
2.9516666666666667,0.4597102,0.5313974
2.953333333333333,0.459722,0.5314152
2.955,0.4597352,0.5314288
2.9566666666666666,0.4597454,0.5314444
2.9583333333333335,0.4597598,0.531462
2.96,0.4597708,0.5314794
2.9616666666666664,0.4597874,0.5314874
2.9633333333333334,0.4598008,0.5315034
2.965,0.4598116,0.5315172
2.966666666666667,0.4598234,0.5315276
2.9683333333333333,0.4598358,0.5315428
2.97,0.4598536,0.531558
2.9716666666666667,0.4598652,0.5315698
2.973333333333333,0.4598742,0.5315844
2.975,0.4598902,0.5316004
2.9766666666666666,0.4599024,0.5316128
2.9783333333333335,0.4599124,0.5316262
2.98,0.4599236,0.5316368
2.9816666666666665,0.4599318,0.5316558
2.9833333333333334,0.4599426,0.5316668
2.985,0.4599562,0.5316778
2.986666666666667,0.4599664,0.531692
2.9883333333333333,0.4599788,0.531702
2.99,0.45999,0.5317196
2.9916666666666667,0.46,0.531735
2.993333333333333,0.4600166,0.5317496
2.995,0.4600308,0.531767
2.9966666666666666,0.4600442,0.531781
2.9983333333333335,0.4600518,0.5317946
3.0,0.4600628,0.5318048
3.0016666666666665,0.4600764,0.5318206
3.0033333333333334,0.460089,0.5318382
3.005,0.4601044,0.531851
3.006666666666667,0.4601144,0.5318596
3.0083333333333333,0.460125,0.5318724
3.01,0.4601344,0.5318856
3.0116666666666667,0.4601458,0.5318998
3.013333333333333,0.4601572,0.531914
3.015,0.4601672,0.5319252
3.0166666666666666,0.4601776,0.5319392
3.0183333333333335,0.4601922,0.5319536
3.02,0.4602052,0.531965
3.0216666666666665,0.4602178,0.5319754
3.0233333333333334,0.460228,0.5319886
3.025,0.4602376,0.5320006
3.026666666666667,0.4602536,0.5320136
3.0283333333333333,0.460264,0.5320264
3.03,0.4602738,0.532037
3.0316666666666667,0.460283,0.53205
3.033333333333333,0.460292,0.5320654
3.035,0.4603004,0.5320792
3.0366666666666666,0.4603122,0.5320904
3.0383333333333336,0.4603192,0.5321022
3.04,0.4603316,0.5321156
3.0416666666666665,0.4603426,0.5321288
3.0433333333333334,0.4603556,0.5321454
3.045,0.4603708,0.5321562
3.046666666666667,0.4603776,0.532171
3.0483333333333333,0.4603916,0.5321872
3.05,0.4604016,0.5322006
3.0516666666666667,0.4604124,0.5322158
3.0533333333333332,0.4604222,0.532225
3.055,0.4604306,0.5322368
3.0566666666666666,0.4604422,0.5322472
3.058333333333333,0.460453,0.5322546
3.06,0.4604614,0.5322654
3.0616666666666665,0.4604666,0.5322786
3.0633333333333335,0.4604764,0.532289
3.065,0.4604838,0.5323
3.066666666666667,0.4604956,0.532315
3.0683333333333334,0.4605088,0.5323238
3.07,0.4605176,0.5323388
3.0716666666666668,0.4605242,0.5323516
3.0733333333333333,0.4605356,0.5323634
3.075,0.4605444,0.5323746
3.0766666666666667,0.4605544,0.5323908
3.078333333333333,0.4605654,0.5324024
3.08,0.4605798,0.532412
3.0816666666666666,0.460588,0.5324278
3.0833333333333335,0.460599,0.5324396
3.085,0.4606116,0.5324498
3.0866666666666664,0.4606206,0.5324624
3.0883333333333334,0.4606304,0.532476
3.09,0.4606378,0.5324876
3.091666666666667,0.4606476,0.5324968
3.0933333333333333,0.4606578,0.5325116
3.095,0.4606666,0.5325232
3.0966666666666667,0.460677,0.5325328
3.098333333333333,0.460691,0.5325442
3.1,0.4607002,0.5325566
3.1016666666666666,0.4607118,0.5325672
3.1033333333333335,0.460719,0.5325838
3.105,0.4607304,0.5325946
3.1066666666666665,0.4607386,0.5326082
3.1083333333333334,0.4607506,0.53262
3.11,0.4607608,0.5326346
3.111666666666667,0.4607688,0.5326476
3.1133333333333333,0.4607746,0.5326592
3.115,0.4607856,0.532669
3.1166666666666667,0.4607918,0.5326824
3.118333333333333,0.4607992,0.5326916
3.12,0.4608068,0.532702
3.1216666666666666,0.4608158,0.5327124
3.1233333333333335,0.4608256,0.5327242
3.125,0.4608332,0.5327346
3.1266666666666665,0.46084,0.5327464
3.1283333333333334,0.4608492,0.5327574
3.13,0.4608602,0.5327664
3.131666666666667,0.4608674,0.5327766
3.1333333333333333,0.460876,0.5327882
3.135,0.4608868,0.5327974
3.1366666666666667,0.4608954,0.5328126
3.138333333333333,0.4609036,0.5328222
3.14,0.4609106,0.5328348
3.1416666666666666,0.4609186,0.5328472
3.1433333333333335,0.4609294,0.5328558
3.145,0.4609382,0.5328656
3.1466666666666665,0.46095,0.5328746
3.1483333333333334,0.4609598,0.5328844
3.15,0.4609714,0.532897
3.151666666666667,0.460981,0.5329068
3.1533333333333333,0.4609892,0.5329214
3.155,0.4609984,0.5329362
3.1566666666666667,0.461006,0.5329478
3.158333333333333,0.4610132,0.5329598
3.16,0.4610238,0.5329704
3.1616666666666666,0.4610324,0.5329814
3.1633333333333336,0.4610404,0.5329962
3.165,0.4610444,0.5330098
3.1666666666666665,0.4610532,0.5330196
3.1683333333333334,0.4610636,0.5330286
3.17,0.4610704,0.533038
3.171666666666667,0.4610816,0.533051
3.1733333333333333,0.46109,0.5330652
3.175,0.4610962,0.533076
3.1766666666666667,0.461104,0.5330862
3.1783333333333332,0.461116,0.5330968
3.18,0.4611236,0.5331078
3.1816666666666666,0.461131,0.5331186
3.183333333333333,0.461137,0.5331264
3.185,0.4611452,0.5331372
3.1866666666666665,0.4611518,0.5331478
3.1883333333333335,0.461161,0.5331608
3.19,0.461168,0.5331712
3.191666666666667,0.4611764,0.5331832
3.1933333333333334,0.4611864,0.5331916
3.195,0.4611928,0.5332012
3.1966666666666668,0.4612024,0.5332084
3.1983333333333333,0.4612134,0.5332152
3.2,0.4612178,0.5332262
3.2016666666666667,0.4612256,0.5332412
3.203333333333333,0.4612324,0.533253
3.205,0.4612396,0.5332598
3.2066666666666666,0.461249,0.5332708
3.2083333333333335,0.461254,0.5332808
3.21,0.4612648,0.5332922
3.2116666666666664,0.4612732,0.5333018
3.2133333333333334,0.461281,0.5333126
3.215,0.461289,0.5333214
3.216666666666667,0.461296,0.5333294
3.2183333333333333,0.4613036,0.5333382
3.22,0.4613112,0.5333488
3.2216666666666667,0.461319,0.5333572
3.223333333333333,0.4613258,0.5333686
3.225,0.461334,0.5333784
3.2266666666666666,0.4613412,0.533391
3.2283333333333335,0.4613524,0.5334022
3.23,0.4613612,0.5334102
3.2316666666666665,0.4613684,0.5334208
3.2333333333333334,0.4613768,0.533431
3.235,0.461386,0.5334414
3.236666666666667,0.4613974,0.5334504
3.2383333333333333,0.4614044,0.5334594
3.24,0.4614116,0.5334672
3.2416666666666667,0.4614196,0.5334762
3.243333333333333,0.4614266,0.533485
3.245,0.4614314,0.5334962
3.2466666666666666,0.461441,0.5335082
3.2483333333333335,0.4614488,0.5335178
3.25,0.4614544,0.5335266
3.2516666666666665,0.4614614,0.5335346
3.2533333333333334,0.4614654,0.533543
3.255,0.4614734,0.5335508
3.256666666666667,0.4614782,0.5335572
3.2583333333333333,0.4614846,0.5335672
3.26,0.4614896,0.5335746
3.2616666666666667,0.4614956,0.533584
3.263333333333333,0.4615026,0.5335972
3.265,0.4615098,0.533606
3.2666666666666666,0.461517,0.5336126
3.2683333333333335,0.4615256,0.5336208
3.27,0.4615312,0.5336274
3.2716666666666665,0.4615368,0.533634
3.2733333333333334,0.4615422,0.5336396
3.275,0.461548,0.5336486
3.276666666666667,0.4615526,0.5336552
3.2783333333333333,0.4615614,0.5336656
3.28,0.4615684,0.5336728
3.2816666666666667,0.4615774,0.53368
3.283333333333333,0.461585,0.5336876
3.285,0.4615932,0.5336938
3.2866666666666666,0.4615986,0.5337006
3.2883333333333336,0.4616086,0.5337092
3.29,0.4616162,0.5337188
3.2916666666666665,0.4616226,0.5337268
3.2933333333333334,0.4616284,0.5337328
3.295,0.4616338,0.5337428
3.296666666666667,0.4616414,0.5337508
3.2983333333333333,0.4616482,0.53376
3.3,0.4616544,0.5337694
3.3016666666666667,0.4616618,0.5337766
3.3033333333333332,0.4616676,0.533786
3.305,0.461675,0.5337948
3.3066666666666666,0.4616818,0.5338008
3.308333333333333,0.4616888,0.533809
3.31,0.4616962,0.5338158
3.3116666666666665,0.4617066,0.533823
3.3133333333333335,0.461715,0.5338298
3.315,0.461724,0.5338358
3.316666666666667,0.4617306,0.5338434
3.3183333333333334,0.4617364,0.533855
3.32,0.4617434,0.533863
3.3216666666666668,0.4617506,0.5338718
3.3233333333333333,0.4617592,0.5338824
3.325,0.4617634,0.5338898
3.3266666666666667,0.4617712,0.5338986
3.328333333333333,0.4617784,0.5339088
3.33,0.461784,0.533917
3.3316666666666666,0.4617922,0.5339268
3.3333333333333335,0.4617976,0.533935
3.335,0.4618046,0.5339466
3.3366666666666664,0.461809,0.533955
3.3383333333333334,0.4618164,0.533963
3.34,0.4618218,0.5339672
3.341666666666667,0.4618292,0.5339764
3.3433333333333333,0.4618348,0.5339842
3.345,0.4618416,0.5339922
3.3466666666666667,0.4618472,0.534002
3.348333333333333,0.4618526,0.534008
3.35,0.4618596,0.5340136
3.3516666666666666,0.4618666,0.5340212
3.3533333333333335,0.4618728,0.5340278
3.355,0.4618822,0.5340326
3.3566666666666665,0.4618906,0.5340388
3.3583333333333334,0.4618986,0.5340458
3.36,0.4619032,0.5340524
3.361666666666667,0.4619088,0.5340598
3.3633333333333333,0.4619128,0.534066
3.365,0.4619168,0.5340738
3.3666666666666667,0.4619206,0.5340814
3.368333333333333,0.4619246,0.5340866
3.37,0.461931,0.5340946
3.3716666666666666,0.4619386,0.5341062
3.3733333333333335,0.461944,0.53411
3.375,0.4619488,0.534116
3.3766666666666665,0.4619544,0.5341212
3.3783333333333334,0.4619644,0.5341274
3.38,0.4619694,0.5341334
3.381666666666667,0.4619748,0.5341416
3.3833333333333333,0.4619816,0.5341498
3.385,0.4619872,0.5341556
3.3866666666666667,0.4619938,0.5341598
3.388333333333333,0.4619978,0.5341678
3.39,0.4620016,0.5341734
3.3916666666666666,0.4620096,0.5341828
3.3933333333333335,0.4620168,0.534189
3.395,0.4620228,0.5341948
3.3966666666666665,0.4620278,0.5342028
3.3983333333333334,0.462034,0.5342084
3.4,0.4620374,0.5342146
3.401666666666667,0.4620422,0.5342188
3.4033333333333333,0.4620488,0.5342244
3.405,0.4620578,0.534232
3.4066666666666667,0.4620668,0.5342402
3.408333333333333,0.4620726,0.5342474
3.41,0.4620802,0.5342542
3.4116666666666666,0.4620864,0.5342628
3.4133333333333336,0.462092,0.5342686
3.415,0.4620976,0.5342756
3.4166666666666665,0.4621048,0.5342806
3.4183333333333334,0.4621104,0.5342862
3.42,0.4621164,0.5342908
3.421666666666667,0.462123,0.5342946
3.4233333333333333,0.4621276,0.5343016
3.425,0.462135,0.5343078
3.4266666666666667,0.462143,0.5343144
3.4283333333333332,0.4621496,0.5343188
3.43,0.4621532,0.5343244
3.4316666666666666,0.4621594,0.5343306
3.433333333333333,0.4621678,0.5343354
3.435,0.4621732,0.5343402
3.4366666666666665,0.4621786,0.5343502
3.4383333333333335,0.4621856,0.534356
3.44,0.46219,0.534363
3.441666666666667,0.4621948,0.5343716
3.4433333333333334,0.4621996,0.5343758
3.445,0.462204,0.5343828
3.4466666666666668,0.4622096,0.5343884
3.4483333333333333,0.4622142,0.5343924
3.45,0.4622168,0.534398
3.4516666666666667,0.4622242,0.5344042
3.453333333333333,0.46223,0.5344134
3.455,0.4622356,0.5344172
3.4566666666666666,0.4622394,0.5344218
3.4583333333333335,0.462243,0.534428
3.46,0.4622452,0.5344342
3.4616666666666664,0.46225,0.534439
3.4633333333333334,0.4622554,0.5344452
3.465,0.4622628,0.5344548
3.466666666666667,0.4622654,0.5344608
3.4683333333333333,0.462271,0.5344674
3.47,0.4622744,0.534475
3.4716666666666667,0.4622804,0.5344806
3.473333333333333,0.4622836,0.5344882
3.475,0.4622916,0.5344934
3.4766666666666666,0.462295,0.534497
3.4783333333333335,0.4623,0.534502
3.48,0.4623052,0.5345096
3.4816666666666665,0.4623092,0.5345152
3.4833333333333334,0.4623166,0.5345216
3.485,0.4623202,0.5345252
3.486666666666667,0.4623258,0.5345294
3.4883333333333333,0.4623272,0.5345352
3.49,0.4623322,0.5345404
3.4916666666666667,0.462335,0.5345474
3.493333333333333,0.462341,0.534552
3.495,0.462348,0.5345562
3.4966666666666666,0.4623526,0.5345628
3.4983333333333335,0.4623584,0.5345702
3.5,0.4623636,0.534576
3.5016666666666665,0.462367,0.534579
3.5033333333333334,0.4623708,0.5345852
3.505,0.4623744,0.534589
3.506666666666667,0.4623786,0.5345924
3.5083333333333333,0.4623824,0.5346012
3.51,0.462386,0.5346106
3.5116666666666667,0.4623898,0.534614
3.513333333333333,0.4623924,0.5346206
3.515,0.462396,0.5346252
3.5166666666666666,0.4624012,0.534631
3.5183333333333335,0.4624084,0.534634
3.52,0.462415,0.5346398
3.5216666666666665,0.4624186,0.5346446
3.5233333333333334,0.4624232,0.5346508
3.525,0.4624286,0.5346556
3.526666666666667,0.4624338,0.5346594
3.5283333333333333,0.4624376,0.5346646
3.53,0.462442,0.53467
3.5316666666666667,0.4624488,0.5346736
3.533333333333333,0.462453,0.5346762
3.535,0.4624552,0.5346816
3.5366666666666666,0.4624602,0.534686
3.5383333333333336,0.4624642,0.5346916
3.54,0.4624678,0.5346984
3.5416666666666665,0.4624748,0.5347024
3.5433333333333334,0.4624792,0.534708
3.545,0.462483,0.5347138
3.546666666666667,0.4624894,0.5347192
3.5483333333333333,0.4624944,0.5347234
3.55,0.4624974,0.5347252
3.5516666666666667,0.4624992,0.534732
3.5533333333333332,0.4625034,0.5347362
3.555,0.462508,0.5347402
3.5566666666666666,0.4625126,0.5347454
3.558333333333333,0.4625186,0.5347522
3.56,0.462525,0.5347566
3.5616666666666665,0.462528,0.5347598
3.5633333333333335,0.4625324,0.5347632
3.565,0.462538,0.534768
3.566666666666667,0.4625444,0.5347722
3.5683333333333334,0.462551,0.5347782
3.57,0.462554,0.5347806
3.5716666666666668,0.4625574,0.534783
3.5733333333333333,0.4625638,0.5347868
3.575,0.4625718,0.534791
3.5766666666666667,0.4625734,0.534796
3.578333333333333,0.4625752,0.5348
3.58,0.4625788,0.5348042
3.5816666666666666,0.4625874,0.5348064
3.5833333333333335,0.4625906,0.5348146
3.585,0.4625942,0.5348194
3.5866666666666664,0.462597,0.5348236
3.5883333333333334,0.4626016,0.5348276
3.59,0.4626046,0.5348314
3.591666666666667,0.4626074,0.534837
3.5933333333333333,0.4626096,0.5348418
3.595,0.4626154,0.5348466
3.5966666666666667,0.4626192,0.5348518
3.598333333333333,0.4626232,0.5348552
3.6,0.462629,0.5348582
3.6016666666666666,0.4626324,0.5348618
3.6033333333333335,0.4626358,0.5348662
3.605,0.4626386,0.5348706
3.6066666666666665,0.4626434,0.5348758
3.6083333333333334,0.4626478,0.5348798
3.61,0.4626524,0.5348844
3.611666666666667,0.4626568,0.5348872
3.6133333333333333,0.462662,0.5348922
3.615,0.4626646,0.5348964
3.6166666666666667,0.462668,0.5349004
3.618333333333333,0.4626738,0.5349046
3.62,0.4626766,0.5349076
3.6216666666666666,0.46268,0.5349126
3.6233333333333335,0.4626836,0.534917
3.625,0.4626882,0.5349232
3.6266666666666665,0.462691,0.5349256
3.6283333333333334,0.4626958,0.5349278
3.63,0.462698,0.5349304
3.631666666666667,0.4627022,0.5349374
3.6333333333333333,0.4627066,0.5349394
3.635,0.4627094,0.5349442
3.6366666666666667,0.4627118,0.534949
3.638333333333333,0.4627178,0.5349504
3.64,0.4627214,0.5349546
3.6416666666666666,0.462725,0.5349582
3.6433333333333335,0.462729,0.5349608
3.645,0.4627316,0.5349646
3.6466666666666665,0.462734,0.5349698
3.6483333333333334,0.4627376,0.5349716
3.65,0.4627414,0.534977
3.651666666666667,0.4627448,0.5349806
3.6533333333333333,0.462748,0.5349836
3.655,0.4627498,0.5349866
3.6566666666666667,0.4627524,0.5349908
3.658333333333333,0.4627562,0.5349946
3.66,0.4627586,0.5349988
3.6616666666666666,0.4627604,0.5350026
3.6633333333333336,0.462763,0.535007
3.665,0.4627654,0.5350088
3.6666666666666665,0.462768,0.5350118
3.6683333333333334,0.4627724,0.535016
3.67,0.4627778,0.5350184
3.671666666666667,0.4627808,0.5350222
3.6733333333333333,0.462783,0.5350268
3.675,0.462786,0.5350298
3.6766666666666667,0.4627896,0.5350332
3.6783333333333332,0.4627928,0.5350364
3.68,0.4627972,0.5350396
3.6816666666666666,0.4628002,0.5350454
3.683333333333333,0.4628026,0.535048
3.685,0.4628062,0.5350502
3.6866666666666665,0.4628092,0.535053
3.6883333333333335,0.4628122,0.5350576
3.69,0.4628146,0.5350618
3.691666666666667,0.4628188,0.5350652
3.6933333333333334,0.4628218,0.5350696
3.695,0.4628262,0.5350736
3.6966666666666668,0.4628296,0.535076
3.6983333333333333,0.4628322,0.5350798
3.7,0.4628356,0.5350836
3.7016666666666667,0.4628402,0.5350856
3.703333333333333,0.4628456,0.5350898
3.705,0.46285,0.5350938
3.7066666666666666,0.4628536,0.5350974
3.7083333333333335,0.4628558,0.5351004
3.71,0.4628602,0.5351028
3.7116666666666664,0.4628636,0.5351058
3.7133333333333334,0.4628668,0.5351112
3.715,0.4628706,0.5351148
3.716666666666667,0.4628732,0.5351192
3.7183333333333333,0.4628774,0.535123
3.72,0.462879,0.535127
3.7216666666666667,0.4628818,0.5351314
3.723333333333333,0.4628824,0.5351364
3.725,0.4628852,0.5351398
3.7266666666666666,0.4628878,0.535144
3.7283333333333335,0.4628918,0.535146
3.73,0.462897,0.5351504
3.7316666666666665,0.4628982,0.5351552
3.7333333333333334,0.4629016,0.5351594
3.735,0.4629044,0.5351642
3.736666666666667,0.4629062,0.535168
3.7383333333333333,0.4629092,0.5351714
3.74,0.4629096,0.535174
3.7416666666666667,0.4629118,0.5351762
3.743333333333333,0.4629142,0.5351776
3.745,0.4629172,0.5351798
3.7466666666666666,0.4629194,0.5351822
3.7483333333333335,0.4629224,0.5351834
3.75,0.4629244,0.5351866
3.7516666666666665,0.4629294,0.5351902
3.7533333333333334,0.4629332,0.5351922
3.755,0.4629366,0.535196
3.756666666666667,0.4629408,0.5351982
3.7583333333333333,0.4629454,0.5351998
3.76,0.462947,0.5352016
3.7616666666666667,0.4629502,0.5352048
3.763333333333333,0.462954,0.5352072
3.765,0.4629588,0.53521
3.7666666666666666,0.4629618,0.535214
3.7683333333333335,0.4629636,0.5352178
3.77,0.4629666,0.5352214
3.7716666666666665,0.4629686,0.5352238
3.7733333333333334,0.4629696,0.5352266
3.775,0.4629736,0.5352292
3.776666666666667,0.4629754,0.5352332
3.7783333333333333,0.4629776,0.5352368
3.78,0.4629814,0.5352388
3.7816666666666667,0.4629836,0.5352422
3.783333333333333,0.4629876,0.5352444
3.785,0.4629902,0.5352462
3.7866666666666666,0.462994,0.5352502
3.7883333333333336,0.4629966,0.5352558
3.79,0.462999,0.5352608
3.7916666666666665,0.4630012,0.5352644
3.7933333333333334,0.4630026,0.5352666
3.795,0.463005,0.5352706
3.796666666666667,0.463008,0.535272
3.7983333333333333,0.4630104,0.5352772
3.8,0.463014,0.5352814
3.8016666666666667,0.4630172,0.535284
3.8033333333333332,0.4630204,0.5352902
3.805,0.4630228,0.5352922
3.8066666666666666,0.463025,0.5352946
3.808333333333333,0.463029,0.5352978
3.81,0.4630318,0.5353006
3.8116666666666665,0.4630342,0.5353026
3.8133333333333335,0.4630374,0.5353046
3.815,0.4630406,0.5353072
3.816666666666667,0.463042,0.5353102
3.8183333333333334,0.4630442,0.5353134
3.82,0.4630472,0.535317
3.8216666666666668,0.4630494,0.5353182
3.8233333333333333,0.4630514,0.5353214
3.825,0.4630538,0.5353242
3.8266666666666667,0.4630572,0.5353262
3.828333333333333,0.463059,0.5353286
3.83,0.463062,0.5353292
3.8316666666666666,0.4630652,0.5353326
3.8333333333333335,0.463069,0.5353364
3.835,0.4630696,0.5353386
3.8366666666666664,0.4630736,0.5353408
3.8383333333333334,0.4630762,0.5353432
3.84,0.4630796,0.5353468
3.841666666666667,0.4630812,0.5353502
3.8433333333333333,0.4630846,0.5353522
3.845,0.463088,0.5353534
3.8466666666666667,0.4630922,0.5353564
3.848333333333333,0.4630946,0.535358
3.85,0.4630978,0.5353614
3.8516666666666666,0.463101,0.535364
3.8533333333333335,0.4631034,0.5353656
3.855,0.4631052,0.5353672
3.8566666666666665,0.4631084,0.535369
3.8583333333333334,0.4631128,0.5353708
3.86,0.4631152,0.535373
3.861666666666667,0.46312,0.535376
3.8633333333333333,0.463122,0.535378
3.865,0.4631234,0.53538
3.8666666666666667,0.4631246,0.5353824
3.868333333333333,0.4631258,0.535385
3.87,0.463129,0.5353878
3.8716666666666666,0.4631302,0.5353894
3.8733333333333335,0.4631332,0.5353916
3.875,0.4631354,0.535395
3.8766666666666665,0.463139,0.535398
3.8783333333333334,0.4631416,0.5354012
3.88,0.4631462,0.5354028
3.881666666666667,0.4631478,0.5354048
3.8833333333333333,0.4631496,0.5354076
3.885,0.4631522,0.53541
3.8866666666666667,0.4631536,0.5354112
3.888333333333333,0.4631568,0.5354128
3.89,0.46316,0.5354152
3.8916666666666666,0.4631618,0.5354186
3.8933333333333335,0.463165,0.5354214
3.895,0.4631676,0.5354228
3.8966666666666665,0.4631694,0.5354244
3.8983333333333334,0.4631718,0.5354282
3.9,0.4631734,0.535429
3.901666666666667,0.4631758,0.5354298
3.9033333333333333,0.4631798,0.5354326
3.905,0.4631812,0.5354346
3.9066666666666667,0.4631834,0.535436
3.908333333333333,0.4631872,0.535438
3.91,0.4631922,0.5354422
3.9116666666666666,0.4631944,0.5354438
3.9133333333333336,0.463195,0.535445
3.915,0.463198,0.535446
3.9166666666666665,0.463201,0.5354478
3.9183333333333334,0.4632034,0.5354492
3.92,0.463206,0.535454
3.921666666666667,0.4632078,0.535457
3.9233333333333333,0.4632092,0.5354578
3.925,0.4632106,0.5354598
3.9266666666666667,0.4632122,0.5354612
3.9283333333333332,0.4632136,0.5354632
3.93,0.4632142,0.5354656
3.9316666666666666,0.4632176,0.5354688
3.933333333333333,0.4632206,0.5354712
3.935,0.4632224,0.5354736
3.9366666666666665,0.463225,0.5354756
3.9383333333333335,0.4632282,0.5354772
3.94,0.4632298,0.5354796
3.941666666666667,0.4632322,0.5354814
3.9433333333333334,0.4632338,0.5354826
3.945,0.4632362,0.535485
3.9466666666666668,0.4632374,0.5354868
3.9483333333333333,0.4632414,0.5354876
3.95,0.4632442,0.5354886
3.9516666666666667,0.4632492,0.535492
3.953333333333333,0.4632498,0.5354964
3.955,0.4632532,0.5354976
3.9566666666666666,0.4632556,0.5354988
3.9583333333333335,0.4632578,0.5355002
3.96,0.46326,0.5355016
3.9616666666666664,0.463262,0.5355032
3.9633333333333334,0.4632652,0.5355048
3.965,0.4632664,0.5355076
3.966666666666667,0.4632684,0.5355092
3.9683333333333333,0.4632712,0.5355118
3.97,0.4632722,0.5355128
3.9716666666666667,0.4632748,0.5355136
3.973333333333333,0.4632776,0.5355152
3.975,0.4632826,0.5355172
3.9766666666666666,0.4632838,0.5355184
3.9783333333333335,0.4632852,0.535519
3.98,0.4632872,0.5355198
3.9816666666666665,0.4632898,0.5355212
3.9833333333333334,0.4632916,0.5355232
3.985,0.4632934,0.5355244
3.986666666666667,0.4632958,0.535527
3.9883333333333333,0.4632972,0.5355284
3.99,0.4632984,0.5355304
3.9916666666666667,0.463299,0.535532
3.993333333333333,0.463301,0.5355326
3.995,0.4633014,0.5355348
3.9966666666666666,0.4633046,0.535538
3.9983333333333335,0.4633052,0.535539
4.0,0.4633066,0.5355412
4.001666666666667,0.463308,0.5355444
4.003333333333333,0.4633112,0.5355456
4.005,0.4633128,0.5355476
4.006666666666667,0.4633154,0.5355496
4.008333333333334,0.4633172,0.5355516
4.01,0.4633192,0.5355522
4.011666666666667,0.46332,0.5355534
4.013333333333334,0.4633214,0.5355556
4.015,0.4633232,0.5355582
4.016666666666667,0.4633244,0.53556
4.0183333333333335,0.463327,0.5355618
4.02,0.4633282,0.5355626
4.0216666666666665,0.4633306,0.5355634
4.023333333333333,0.4633332,0.535565
4.025,0.463334,0.535567
4.026666666666666,0.463336,0.535568
4.028333333333333,0.4633378,0.535571
4.03,0.463339,0.5355728
4.031666666666666,0.4633416,0.535574
4.033333333333333,0.4633434,0.535575
4.035,0.4633452,0.5355762
4.036666666666667,0.4633484,0.5355784
4.038333333333333,0.463351,0.5355806
4.04,0.4633514,0.535582
4.041666666666667,0.4633532,0.5355832
4.043333333333333,0.4633556,0.5355848
4.045,0.463358,0.5355866
4.046666666666667,0.463359,0.5355882
4.048333333333333,0.4633606,0.535591
4.05,0.463363,0.5355916
4.051666666666667,0.4633654,0.5355936
4.053333333333334,0.4633674,0.5355958
4.055,0.463368,0.535597
4.056666666666667,0.4633686,0.535598
4.058333333333334,0.4633688,0.5355996
4.06,0.4633708,0.5356004
4.0616666666666665,0.4633714,0.5356016
4.0633333333333335,0.4633728,0.5356022
4.065,0.4633736,0.5356048
4.066666666666666,0.4633742,0.5356076
4.068333333333333,0.463375,0.5356098
4.07,0.4633768,0.5356106
4.071666666666666,0.463378,0.5356132
4.073333333333333,0.4633798,0.5356146
4.075,0.463381,0.5356178
4.076666666666667,0.4633818,0.5356194
4.078333333333333,0.463383,0.5356212
4.08,0.4633832,0.5356218
4.081666666666667,0.4633842,0.5356238
4.083333333333333,0.463386,0.535624
4.085,0.463388,0.5356258
4.086666666666667,0.4633886,0.5356278
4.088333333333333,0.4633896,0.5356294
4.09,0.463391,0.5356306
4.091666666666667,0.4633932,0.5356326
4.093333333333334,0.463394,0.5356336
4.095,0.4633964,0.535637
4.096666666666667,0.4633994,0.5356376
4.098333333333334,0.463401,0.53564
4.1,0.4634016,0.5356408
4.101666666666667,0.4634032,0.5356414
4.1033333333333335,0.4634042,0.5356454
4.105,0.4634056,0.5356466
4.1066666666666665,0.463407,0.5356476
4.108333333333333,0.4634092,0.535648
4.11,0.4634104,0.53565
4.111666666666666,0.4634116,0.5356512
4.113333333333333,0.463414,0.5356536
4.115,0.4634142,0.5356538
4.116666666666666,0.4634152,0.535656
4.118333333333333,0.4634174,0.5356594
4.12,0.4634176,0.5356616
4.121666666666667,0.4634186,0.5356648
4.123333333333333,0.463419,0.5356668
4.125,0.4634218,0.5356678
4.126666666666667,0.4634232,0.5356694
4.128333333333333,0.4634238,0.5356718
4.13,0.4634248,0.5356734
4.131666666666667,0.4634252,0.535677
4.133333333333334,0.4634274,0.5356792
4.135,0.4634296,0.5356794
4.136666666666667,0.4634298,0.5356798
4.138333333333334,0.4634306,0.5356814
4.14,0.4634314,0.5356826
4.141666666666667,0.463432,0.5356836
4.1433333333333335,0.4634334,0.535685
4.145,0.463435,0.5356864
4.1466666666666665,0.4634366,0.5356884
4.148333333333333,0.4634384,0.5356886
4.15,0.4634392,0.5356896
4.151666666666666,0.4634404,0.5356926
4.153333333333333,0.4634416,0.5356944
4.155,0.463443,0.5356964
4.156666666666666,0.4634448,0.5356968
4.158333333333333,0.463446,0.5356986
4.16,0.4634472,0.5356996
4.161666666666667,0.4634488,0.5357024
4.163333333333333,0.4634494,0.5357036
4.165,0.4634506,0.5357042
4.166666666666667,0.4634522,0.5357062
4.168333333333333,0.463455,0.535709
4.17,0.4634554,0.535711
4.171666666666667,0.4634574,0.5357134
4.173333333333333,0.4634616,0.535715
4.175,0.4634634,0.5357168
4.176666666666667,0.4634644,0.5357192
4.178333333333334,0.463466,0.5357198
4.18,0.4634684,0.5357206
4.181666666666667,0.4634702,0.5357216
4.183333333333334,0.4634712,0.5357218
4.185,0.4634722,0.535723
4.1866666666666665,0.4634742,0.5357248
4.1883333333333335,0.463475,0.5357262
4.19,0.4634758,0.5357274
4.191666666666666,0.4634768,0.5357288
4.193333333333333,0.4634786,0.5357308
4.195,0.4634806,0.535733
4.196666666666666,0.4634832,0.535734
4.198333333333333,0.4634842,0.535737
4.2,0.4634856,0.5357384
4.201666666666667,0.463486,0.53574
4.203333333333333,0.463487,0.535741
4.205,0.4634902,0.535742
4.206666666666667,0.4634908,0.5357432
4.208333333333333,0.4634922,0.5357448
4.21,0.4634932,0.5357454
4.211666666666667,0.4634936,0.5357464
4.213333333333333,0.4634944,0.5357476
4.215,0.4634952,0.5357484
4.216666666666667,0.4634962,0.5357506
4.218333333333334,0.463498,0.5357516
4.22,0.463501,0.5357532
4.221666666666667,0.4635012,0.5357546
4.223333333333334,0.4635026,0.5357558
4.225,0.4635038,0.5357574
4.226666666666667,0.463505,0.5357588
4.2283333333333335,0.463506,0.5357594
4.23,0.4635066,0.5357608
4.2316666666666665,0.4635078,0.535761
4.233333333333333,0.4635088,0.5357634
4.235,0.4635104,0.535764
4.236666666666666,0.4635116,0.5357654
4.238333333333333,0.4635128,0.5357656
4.24,0.4635138,0.535766
4.241666666666666,0.4635154,0.5357676
4.243333333333333,0.4635156,0.535769
4.245,0.4635164,0.5357714
4.246666666666667,0.4635174,0.5357718
4.248333333333333,0.4635182,0.5357722
4.25,0.4635192,0.5357728
4.251666666666667,0.4635208,0.5357744
4.253333333333333,0.4635214,0.5357774
4.255,0.4635226,0.5357794
4.256666666666667,0.4635232,0.5357812
4.258333333333334,0.4635236,0.5357822
4.26,0.4635244,0.5357826
4.261666666666667,0.4635256,0.5357842
4.263333333333334,0.4635256,0.5357854
4.265,0.4635264,0.5357866
4.266666666666667,0.4635264,0.5357884
4.2683333333333335,0.4635272,0.53579
4.27,0.4635278,0.535791
4.2716666666666665,0.4635284,0.5357924
4.273333333333333,0.4635296,0.5357928
4.275,0.4635312,0.5357934
4.276666666666666,0.4635324,0.5357942
4.278333333333333,0.4635326,0.5357954
4.28,0.4635336,0.5357972
4.281666666666666,0.4635356,0.5357982
4.283333333333333,0.4635362,0.5357984
4.285,0.463538,0.5357994
4.286666666666667,0.463539,0.5358
4.288333333333333,0.4635402,0.5358012
4.29,0.4635422,0.5358024
4.291666666666667,0.4635436,0.5358036
4.293333333333333,0.4635436,0.5358056
4.295,0.4635448,0.535807
4.296666666666667,0.4635456,0.535808
4.298333333333333,0.4635456,0.5358092
4.3,0.4635468,0.5358098
4.301666666666667,0.4635488,0.53581
4.303333333333334,0.4635496,0.535812
4.305,0.46355,0.5358126
4.306666666666667,0.4635506,0.5358144
4.308333333333334,0.4635508,0.535815
4.31,0.4635522,0.5358174
4.3116666666666665,0.4635532,0.5358182
4.3133333333333335,0.4635558,0.5358198
4.315,0.4635576,0.5358218
4.316666666666666,0.4635584,0.5358236
4.318333333333333,0.4635596,0.5358246
4.32,0.4635612,0.5358246
4.321666666666666,0.4635626,0.535825
4.323333333333333,0.4635632,0.5358262
4.325,0.4635644,0.5358272
4.326666666666667,0.4635648,0.535828
4.328333333333333,0.4635662,0.5358284
4.33,0.4635676,0.535829
4.331666666666667,0.4635682,0.5358294
4.333333333333333,0.4635688,0.5358308
4.335,0.4635712,0.5358316
4.336666666666667,0.4635726,0.5358322
4.338333333333333,0.4635738,0.535835
4.34,0.463574,0.5358356
4.341666666666667,0.463575,0.535836
4.343333333333334,0.4635754,0.5358368
4.345,0.4635756,0.5358368
4.346666666666667,0.4635772,0.535838
4.348333333333334,0.4635778,0.5358388
4.35,0.4635792,0.5358404
4.351666666666667,0.4635792,0.535841
4.3533333333333335,0.46358,0.5358424
4.355,0.4635814,0.5358434
4.3566666666666665,0.463582,0.5358442
4.358333333333333,0.4635826,0.5358464
4.36,0.4635834,0.5358472
4.361666666666666,0.4635848,0.535848
4.363333333333333,0.4635856,0.5358492
4.365,0.463588,0.53585
4.366666666666666,0.463589,0.5358508
4.368333333333333,0.4635898,0.5358516
4.37,0.4635902,0.5358522
4.371666666666667,0.4635912,0.5358524
4.373333333333333,0.4635918,0.5358538
4.375,0.4635926,0.535854
4.376666666666667,0.463593,0.5358558
4.378333333333333,0.4635938,0.5358568
4.38,0.4635942,0.5358576
4.381666666666667,0.4635946,0.5358576
4.383333333333334,0.4635964,0.5358592
4.385,0.463598,0.5358594
4.386666666666667,0.463599,0.5358602
4.388333333333334,0.4635996,0.5358616
4.39,0.4636002,0.535862
4.391666666666667,0.4636022,0.5358628
4.3933333333333335,0.4636032,0.5358644
4.395,0.4636032,0.5358664
4.3966666666666665,0.4636032,0.535867
4.398333333333333,0.463605,0.535868
4.4,0.4636056,0.535869
4.401666666666666,0.463607,0.53587
4.403333333333333,0.4636092,0.5358704
4.405,0.4636094,0.5358706
4.406666666666666,0.46361,0.5358718
4.408333333333333,0.4636108,0.5358726
4.41,0.463611,0.5358734
4.411666666666667,0.463611,0.5358746
4.413333333333333,0.4636114,0.535876
4.415,0.4636126,0.5358772
4.416666666666667,0.4636138,0.5358778
4.418333333333333,0.4636138,0.53588
4.42,0.4636158,0.5358806
4.421666666666667,0.4636168,0.5358822
4.423333333333333,0.4636176,0.5358826
4.425,0.4636188,0.5358832
4.426666666666667,0.4636202,0.535884
4.428333333333334,0.4636208,0.5358854
4.43,0.463622,0.5358872
4.431666666666667,0.4636222,0.5358884
4.433333333333334,0.4636232,0.535889
4.435,0.4636236,0.5358904
4.4366666666666665,0.4636236,0.5358906
4.4383333333333335,0.463624,0.5358916
4.44,0.4636242,0.5358924
4.441666666666666,0.4636254,0.535893
4.443333333333333,0.463626,0.5358948
4.445,0.4636266,0.5358952
4.446666666666666,0.4636268,0.5358964
4.448333333333333,0.463627,0.5358978
4.45,0.463627,0.535899
4.451666666666667,0.4636276,0.5358992
4.453333333333333,0.4636288,0.535901
4.455,0.4636298,0.5359018
4.456666666666667,0.46363,0.5359026
4.458333333333333,0.4636312,0.5359028
4.46,0.4636326,0.5359038
4.461666666666667,0.4636334,0.5359046
4.463333333333333,0.4636336,0.5359068
4.465,0.4636352,0.5359072
4.466666666666667,0.4636356,0.5359074
4.468333333333334,0.4636362,0.5359088
4.47,0.4636376,0.535909
4.471666666666667,0.463638,0.5359094
4.473333333333334,0.4636392,0.5359104
4.475,0.4636396,0.5359106
4.476666666666667,0.4636398,0.5359106
4.4783333333333335,0.4636398,0.5359124
4.48,0.4636402,0.535913
4.4816666666666665,0.4636404,0.5359136
4.483333333333333,0.4636416,0.5359148
4.485,0.463642,0.5359156
4.486666666666666,0.4636422,0.5359164
4.488333333333333,0.4636422,0.5359166
4.49,0.4636424,0.5359172
4.491666666666666,0.463643,0.5359172
4.493333333333333,0.4636434,0.5359176
4.495,0.4636458,0.5359182
4.496666666666667,0.4636466,0.5359202
4.498333333333333,0.4636474,0.5359202
4.5,0.4636488,0.535921
4.501666666666667,0.463649,0.5359212
4.503333333333333,0.4636492,0.5359216
4.505,0.4636496,0.5359226
4.506666666666667,0.4636512,0.5359232
4.508333333333334,0.4636516,0.5359244
4.51,0.4636524,0.5359258
4.511666666666667,0.4636538,0.5359262
4.513333333333334,0.4636548,0.5359282
4.515,0.4636548,0.5359282
4.516666666666667,0.4636564,0.535929
4.5183333333333335,0.4636568,0.535929
4.52,0.4636572,0.5359304
4.5216666666666665,0.4636574,0.5359306
4.523333333333333,0.4636582,0.5359306
4.525,0.463659,0.5359308
4.526666666666666,0.46366,0.5359316
4.528333333333333,0.463662,0.5359334
4.53,0.463662,0.5359344
4.531666666666666,0.4636624,0.5359348
4.533333333333333,0.4636634,0.5359348
4.535,0.4636638,0.5359358
4.536666666666667,0.4636644,0.5359368
4.538333333333333,0.463665,0.535938
4.54,0.4636658,0.5359382
4.541666666666667,0.4636674,0.5359396
4.543333333333333,0.4636678,0.53594
4.545,0.4636682,0.5359402
4.546666666666667,0.4636698,0.5359408
4.548333333333333,0.4636708,0.5359416
4.55,0.4636712,0.5359416
4.551666666666667,0.4636714,0.5359418
4.553333333333334,0.4636726,0.5359426
4.555,0.4636728,0.5359428
4.556666666666667,0.4636734,0.5359428
4.558333333333334,0.463674,0.535944
4.56,0.463674,0.5359446
4.5616666666666665,0.4636744,0.535946
4.5633333333333335,0.4636756,0.5359464
4.565,0.4636758,0.535947
4.566666666666666,0.4636766,0.5359474
4.568333333333333,0.463677,0.535948
4.57,0.4636772,0.535948
4.571666666666666,0.463678,0.535949
4.573333333333333,0.4636784,0.5359498
4.575,0.463679,0.5359516
4.576666666666667,0.4636804,0.535952
4.578333333333333,0.4636806,0.535952
4.58,0.463681,0.535954
4.581666666666667,0.4636816,0.535955
4.583333333333333,0.4636818,0.5359552
4.585,0.463682,0.5359572
4.586666666666667,0.4636822,0.5359574
4.588333333333333,0.4636834,0.5359584
4.59,0.4636846,0.5359584
4.591666666666667,0.4636848,0.535959
4.593333333333334,0.463685,0.5359606
4.595,0.4636862,0.5359612
4.596666666666667,0.4636868,0.5359618
4.598333333333334,0.4636868,0.5359626
4.6,0.4636878,0.5359636
4.601666666666667,0.4636896,0.5359644
4.6033333333333335,0.46369,0.5359646
4.605,0.46369,0.535965
4.6066666666666665,0.4636904,0.5359652
4.608333333333333,0.4636908,0.5359666
4.61,0.4636908,0.5359668
4.611666666666666,0.4636914,0.5359672
4.613333333333333,0.4636918,0.5359678
4.615,0.463692,0.5359678
4.616666666666666,0.463693,0.5359678
4.618333333333333,0.4636944,0.535968
4.62,0.4636944,0.5359682
4.621666666666667,0.4636946,0.535969
4.623333333333333,0.463695,0.5359696
4.625,0.4636952,0.535971
4.626666666666667,0.4636952,0.535971
4.628333333333333,0.4636954,0.5359718
4.63,0.4636958,0.5359732
4.631666666666667,0.4636962,0.5359744
4.633333333333334,0.4636962,0.5359744
4.635,0.463697,0.5359754
4.636666666666667,0.4636974,0.535976
4.638333333333334,0.4636976,0.5359768
4.64,0.4636988,0.535977
4.641666666666667,0.463699,0.5359772
4.6433333333333335,0.4636994,0.5359772
4.645,0.4636994,0.5359772
4.6466666666666665,0.4636996,0.5359784
4.648333333333333,0.4637004,0.5359808
4.65,0.463701,0.535981
4.651666666666666,0.4637012,0.535981
4.653333333333333,0.4637014,0.5359816
4.655,0.463702,0.5359816
4.656666666666666,0.4637026,0.535982
4.658333333333333,0.4637028,0.535983
4.66,0.4637044,0.535983
4.661666666666667,0.4637048,0.5359844
4.663333333333333,0.463705,0.535985
4.665,0.463705,0.5359866
4.666666666666667,0.4637054,0.5359872
4.668333333333333,0.4637064,0.5359878
4.67,0.463707,0.5359878
4.671666666666667,0.4637076,0.535988
4.673333333333333,0.4637084,0.5359894
4.675,0.4637096,0.5359902
4.676666666666667,0.46371,0.5359908
4.678333333333334,0.4637112,0.5359912
4.68,0.4637116,0.5359918
4.681666666666667,0.4637118,0.5359918
4.683333333333334,0.4637128,0.5359924
4.685,0.4637132,0.5359934
4.6866666666666665,0.4637136,0.5359936
4.6883333333333335,0.4637138,0.5359942
4.69,0.4637148,0.5359942
4.691666666666666,0.4637148,0.5359944
4.693333333333333,0.4637148,0.5359948
4.695,0.4637154,0.5359956
4.696666666666666,0.4637164,0.5359956
4.698333333333333,0.4637164,0.535996
4.7,0.4637164,0.5359964
4.701666666666667,0.4637166,0.5359966
4.703333333333333,0.463718,0.5359976
4.705,0.463718,0.5359986
4.706666666666667,0.4637184,0.535999
4.708333333333333,0.4637184,0.535999
4.71,0.4637186,0.5360002
4.711666666666667,0.4637196,0.5360008
4.713333333333333,0.4637198,0.5360008
4.715,0.4637198,0.5360008
4.716666666666667,0.4637198,0.5360012
4.718333333333334,0.4637206,0.5360018
4.72,0.4637208,0.5360032
4.721666666666667,0.4637216,0.5360032
4.723333333333334,0.4637218,0.5360034
4.725,0.4637222,0.5360034
4.726666666666667,0.4637222,0.5360042
4.7283333333333335,0.463723,0.5360042
4.73,0.4637234,0.5360042
4.7316666666666665,0.4637236,0.5360044
4.733333333333333,0.463724,0.5360048
4.735,0.463724,0.5360048
4.736666666666666,0.463724,0.5360064
4.738333333333333,0.4637242,0.5360066
4.74,0.4637242,0.5360076
4.741666666666666,0.4637242,0.5360076
4.743333333333333,0.463725,0.5360082
4.745,0.463725,0.5360086
4.746666666666667,0.4637252,0.5360092
4.748333333333333,0.4637254,0.5360096
4.75,0.4637254,0.5360096
4.751666666666667,0.4637256,0.5360104
4.753333333333333,0.463726,0.5360116
4.755,0.463726,0.5360124
4.756666666666667,0.4637268,0.5360124
4.758333333333334,0.4637268,0.5360128
4.76,0.463727,0.5360128
4.761666666666667,0.463727,0.5360138
4.763333333333334,0.4637272,0.5360138
4.765,0.463728,0.5360138
4.766666666666667,0.4637284,0.5360146
4.7683333333333335,0.4637284,0.5360148
4.77,0.4637288,0.5360158
4.7716666666666665,0.463729,0.536016
4.773333333333333,0.463729,0.536016
4.775,0.4637298,0.5360166
4.776666666666666,0.46373,0.5360168
4.778333333333333,0.4637302,0.5360182
4.78,0.463731,0.5360186
4.781666666666666,0.4637316,0.5360188
4.783333333333333,0.4637318,0.5360192
4.785,0.463732,0.5360192
4.786666666666667,0.463732,0.5360202
4.788333333333333,0.4637332,0.5360202
4.79,0.4637338,0.5360212
4.791666666666667,0.4637344,0.5360212
4.793333333333333,0.4637344,0.5360212
4.795,0.4637346,0.5360218
4.796666666666667,0.4637348,0.536022
4.798333333333333,0.463735,0.536023
4.8,0.4637358,0.5360236
4.801666666666667,0.4637376,0.5360264
4.803333333333334,0.463738,0.5360266
4.805,0.4637382,0.5360266
4.806666666666667,0.4637382,0.5360272
4.808333333333334,0.4637388,0.5360276
4.81,0.4637394,0.5360282
4.8116666666666665,0.4637394,0.536029
4.8133333333333335,0.46374,0.5360292
4.815,0.46374,0.5360292
4.816666666666666,0.46374,0.5360292
4.818333333333333,0.46374,0.5360296
4.82,0.4637402,0.5360298
4.821666666666666,0.4637402,0.5360298
4.823333333333333,0.463741,0.5360298
4.825,0.4637416,0.53603
4.826666666666667,0.4637424,0.53603
4.828333333333333,0.4637432,0.5360302
4.83,0.4637432,0.5360304
4.831666666666667,0.4637432,0.5360304
4.833333333333333,0.4637442,0.5360306
4.835,0.4637448,0.5360306
4.836666666666667,0.4637456,0.5360316
4.838333333333333,0.4637456,0.536032
4.84,0.4637464,0.536032
4.841666666666667,0.463747,0.5360326
4.843333333333334,0.4637474,0.5360332
4.845,0.4637474,0.5360332
4.846666666666667,0.4637474,0.5360334
4.848333333333334,0.463748,0.5360336
4.85,0.4637482,0.5360338
4.851666666666667,0.4637484,0.536034
4.8533333333333335,0.463749,0.5360344
4.855,0.463749,0.5360346
4.8566666666666665,0.463749,0.5360356
4.858333333333333,0.4637492,0.5360356
4.86,0.4637494,0.5360356
4.861666666666666,0.4637498,0.5360358
4.863333333333333,0.4637498,0.536036
4.865,0.46375,0.5360368
4.866666666666666,0.46375,0.5360368
4.868333333333333,0.46375,0.5360368
4.87,0.46375,0.5360368
4.871666666666667,0.4637504,0.536037
4.873333333333333,0.4637504,0.5360374
4.875,0.4637506,0.5360382
4.876666666666667,0.463751,0.5360386
4.878333333333333,0.4637512,0.5360386
4.88,0.4637516,0.536039
4.881666666666667,0.4637522,0.536039
4.883333333333334,0.4637532,0.5360392
4.885,0.4637532,0.5360396
4.886666666666667,0.4637534,0.5360402
4.888333333333334,0.4637536,0.5360402
4.89,0.463754,0.5360408
4.891666666666667,0.4637546,0.536041
4.8933333333333335,0.4637546,0.5360416
4.895,0.4637546,0.5360416
4.8966666666666665,0.4637546,0.5360416
4.898333333333333,0.463756,0.5360416
4.9,0.463756,0.536042
4.901666666666666,0.463756,0.536042
4.903333333333333,0.4637562,0.5360424
4.905,0.4637568,0.5360432
4.906666666666666,0.4637576,0.5360442
4.908333333333333,0.4637576,0.5360444
4.91,0.463758,0.5360448
4.911666666666667,0.4637582,0.5360452
4.913333333333333,0.4637582,0.5360452
4.915,0.4637586,0.5360456
4.916666666666667,0.4637588,0.5360456
4.918333333333333,0.4637594,0.5360456
4.92,0.4637596,0.5360464
4.921666666666667,0.46376,0.5360464
4.923333333333333,0.4637604,0.536047
4.925,0.4637608,0.5360478
4.926666666666667,0.4637608,0.536048
4.928333333333334,0.4637608,0.536048
4.93,0.4637614,0.5360482
4.931666666666667,0.4637614,0.536049
4.933333333333334,0.4637616,0.536049
4.935,0.4637616,0.53605
4.9366666666666665,0.4637626,0.5360502
4.9383333333333335,0.4637626,0.5360504
4.94,0.4637628,0.5360504
4.941666666666666,0.4637634,0.5360508
4.943333333333333,0.4637634,0.5360508
4.945,0.463764,0.5360508
4.946666666666666,0.463764,0.5360508
4.948333333333333,0.463764,0.536051
4.95,0.463764,0.5360514
4.951666666666667,0.463764,0.5360514
4.953333333333333,0.4637646,0.5360514
4.955,0.4637646,0.5360516
4.956666666666667,0.463765,0.5360518
4.958333333333333,0.4637652,0.5360524
4.96,0.4637654,0.5360534
4.961666666666667,0.4637658,0.5360536
4.963333333333333,0.4637662,0.5360536
4.965,0.4637664,0.536054
4.966666666666667,0.4637664,0.536054
4.968333333333334,0.4637668,0.536054
4.97,0.4637672,0.5360542
4.971666666666667,0.4637672,0.5360542
4.973333333333334,0.4637672,0.5360548
4.975,0.4637672,0.5360548
4.976666666666667,0.4637674,0.536055
4.9783333333333335,0.4637674,0.5360552
4.98,0.4637674,0.536056
4.9816666666666665,0.4637674,0.536056
4.983333333333333,0.4637674,0.536056
4.985,0.4637674,0.536056
4.986666666666666,0.4637676,0.536056
4.988333333333333,0.4637676,0.5360566
4.99,0.463768,0.5360568
4.991666666666666,0.463768,0.5360574
4.993333333333333,0.4637682,0.5360576
4.995,0.4637682,0.536058
4.996666666666667,0.4637682,0.5360586
4.998333333333333,0.4637684,0.5360586
5.0,0.4637684,0.5360586
5.001666666666667,0.4637684,0.5360588
5.003333333333333,0.4637684,0.536059
5.005,0.4637684,0.536059
5.006666666666667,0.4637688,0.5360594
5.008333333333334,0.4637688,0.5360602
5.01,0.4637688,0.5360608
5.011666666666667,0.4637688,0.536062
5.013333333333334,0.4637692,0.5360624
5.015,0.4637694,0.5360626
5.016666666666667,0.4637698,0.5360626
5.0183333333333335,0.46377,0.5360626
5.02,0.46377,0.5360626
5.0216666666666665,0.4637702,0.5360632
5.023333333333333,0.4637702,0.5360634
5.025,0.4637702,0.5360638
5.026666666666666,0.4637702,0.536064
5.028333333333333,0.4637702,0.5360644
5.03,0.4637704,0.5360646
5.031666666666666,0.463771,0.5360646
5.033333333333333,0.4637712,0.5360654
5.035,0.463772,0.5360656
5.036666666666667,0.463772,0.5360656
5.038333333333333,0.463772,0.5360656
5.04,0.4637726,0.5360658
5.041666666666667,0.4637736,0.536066
5.043333333333333,0.463774,0.536066
5.045,0.4637744,0.536066
5.046666666666667,0.4637744,0.5360664
5.048333333333333,0.4637744,0.5360664
5.05,0.4637744,0.5360664
5.051666666666667,0.4637748,0.5360664
5.053333333333334,0.4637748,0.5360664
5.055,0.463775,0.5360668
5.056666666666667,0.4637752,0.5360672
5.058333333333334,0.4637754,0.5360676
5.06,0.4637754,0.5360676
5.0616666666666665,0.463776,0.5360678
5.0633333333333335,0.463776,0.5360678
5.065,0.463776,0.5360678
5.066666666666666,0.463776,0.5360684
5.068333333333333,0.463776,0.5360684
5.07,0.463776,0.5360684
5.071666666666666,0.463776,0.5360684
5.073333333333333,0.463776,0.5360686
5.075,0.4637762,0.5360686
5.076666666666667,0.4637766,0.5360686
5.078333333333333,0.4637766,0.5360686
5.08,0.4637776,0.5360688
5.081666666666667,0.4637776,0.5360688
5.083333333333333,0.463778,0.5360692
5.085,0.463778,0.5360696
5.086666666666667,0.4637784,0.5360696
5.088333333333333,0.4637788,0.5360706
5.09,0.4637788,0.536072
5.091666666666667,0.4637792,0.5360734
5.093333333333334,0.4637802,0.5360736
5.095,0.4637802,0.536074
5.096666666666667,0.4637802,0.5360742
5.098333333333334,0.4637802,0.5360744
5.1,0.4637806,0.5360744
5.101666666666667,0.4637806,0.5360744
5.1033333333333335,0.4637806,0.5360758
5.105,0.4637806,0.5360758
5.1066666666666665,0.4637806,0.5360764
5.108333333333333,0.4637808,0.5360764
5.11,0.463781,0.5360768
5.111666666666666,0.463781,0.5360772
5.113333333333333,0.463781,0.5360774
5.115,0.463781,0.5360776
5.116666666666666,0.4637818,0.5360786
5.118333333333333,0.4637818,0.5360792
5.12,0.4637822,0.5360792
5.121666666666667,0.4637828,0.5360792
5.123333333333333,0.4637828,0.5360792
5.125,0.4637832,0.5360796
5.126666666666667,0.463784,0.5360814
5.128333333333333,0.463784,0.5360814
5.13,0.463784,0.5360814
5.131666666666667,0.463784,0.536082
5.133333333333334,0.4637844,0.536082
5.135,0.4637846,0.5360822
5.136666666666667,0.4637846,0.5360828
5.138333333333334,0.4637852,0.5360828
5.14,0.4637854,0.5360828
5.141666666666667,0.4637854,0.5360834
5.1433333333333335,0.4637858,0.5360836
5.145,0.463786,0.5360838
5.1466666666666665,0.4637868,0.5360844
5.148333333333333,0.4637876,0.5360852
5.15,0.4637878,0.5360858
5.151666666666666,0.4637878,0.536086
5.153333333333333,0.4637878,0.5360866
5.155,0.4637878,0.5360866
5.156666666666666,0.463788,0.536087
5.158333333333333,0.463788,0.536087
5.16,0.4637888,0.536087
5.161666666666667,0.4637888,0.5360876
5.163333333333333,0.4637888,0.5360878
5.165,0.4637894,0.5360878
5.166666666666667,0.46379,0.5360882
5.168333333333333,0.46379,0.5360882
5.17,0.4637904,0.5360886
5.171666666666667,0.4637906,0.5360892
5.173333333333333,0.4637906,0.5360892
5.175,0.4637908,0.5360894
5.176666666666667,0.4637908,0.5360894
5.178333333333334,0.463791,0.5360894
5.18,0.463791,0.5360896
5.181666666666667,0.4637912,0.5360896
5.183333333333334,0.4637918,0.5360896
5.185,0.4637918,0.5360896
5.1866666666666665,0.4637918,0.5360896
5.1883333333333335,0.4637918,0.5360906
5.19,0.4637918,0.5360906
5.191666666666666,0.4637918,0.5360906
5.193333333333333,0.4637924,0.5360906
5.195,0.4637924,0.5360914
5.196666666666666,0.4637928,0.5360918
5.198333333333333,0.4637934,0.536092
5.2,0.4637934,0.536092
5.201666666666667,0.4637936,0.536092
5.203333333333333,0.463794,0.5360922
5.205,0.4637944,0.5360922
5.206666666666667,0.4637946,0.5360922
5.208333333333333,0.4637954,0.5360922
5.21,0.4637954,0.5360924
5.211666666666667,0.4637958,0.5360932
5.213333333333333,0.4637958,0.5360938
5.215,0.4637964,0.5360938
5.216666666666667,0.4637964,0.5360942
5.218333333333334,0.4637966,0.5360944
5.22,0.4637968,0.5360948
5.221666666666667,0.4637982,0.536095
5.223333333333334,0.4637988,0.536096
5.225,0.4637988,0.536096
5.226666666666667,0.4637988,0.5360964
5.2283333333333335,0.4637988,0.5360966
5.23,0.463799,0.5360968
5.2316666666666665,0.463799,0.5360974
5.233333333333333,0.463799,0.5360982
5.235,0.463799,0.5360982
5.236666666666666,0.463799,0.5360986
5.238333333333333,0.463799,0.5360992
5.24,0.4637992,0.5360992
5.241666666666666,0.4637998,0.5360998
5.243333333333333,0.4637998,0.5361002
5.245,0.4637998,0.5361008
5.246666666666667,0.4637998,0.5361016
5.248333333333333,0.4637998,0.5361016
5.25,0.4638012,0.5361018
5.251666666666667,0.4638012,0.5361022
5.253333333333333,0.4638016,0.5361028
5.255,0.4638016,0.5361028
5.256666666666667,0.4638018,0.5361028
5.258333333333334,0.4638018,0.5361028
5.26,0.4638022,0.5361028
5.261666666666667,0.4638026,0.5361028
5.263333333333334,0.4638026,0.5361028
5.265,0.4638026,0.5361028
5.266666666666667,0.463803,0.5361028
5.2683333333333335,0.463803,0.5361028
5.27,0.463803,0.5361028
5.2716666666666665,0.463803,0.5361032
5.273333333333333,0.463803,0.5361032
5.275,0.463803,0.5361032
5.276666666666666,0.463803,0.5361032
5.278333333333333,0.463803,0.5361034
5.28,0.463803,0.5361046
5.281666666666666,0.463803,0.5361046
5.283333333333333,0.463803,0.5361048
5.285,0.4638032,0.5361048
5.286666666666667,0.4638032,0.5361048
5.288333333333333,0.4638032,0.5361056
5.29,0.4638034,0.5361058
5.291666666666667,0.4638036,0.5361058
5.293333333333333,0.4638042,0.536106
5.295,0.4638042,0.5361062
5.296666666666667,0.4638044,0.5361062
5.298333333333333,0.4638052,0.5361062
5.3,0.4638054,0.5361068
5.301666666666667,0.4638054,0.5361068
5.303333333333334,0.4638056,0.5361068
5.305,0.4638062,0.5361078
5.306666666666667,0.4638062,0.5361078
5.308333333333334,0.4638066,0.5361078
5.31,0.4638066,0.5361078
5.3116666666666665,0.4638068,0.5361078
5.3133333333333335,0.463807,0.5361078
5.315,0.4638074,0.536108
5.316666666666666,0.4638074,0.536108
5.318333333333333,0.4638076,0.5361084
5.32,0.4638076,0.5361084
5.321666666666666,0.4638076,0.5361084
5.323333333333333,0.4638076,0.5361084
5.325,0.4638086,0.5361084
5.326666666666667,0.4638086,0.5361084
5.328333333333333,0.4638086,0.536109
5.33,0.4638088,0.5361094
5.331666666666667,0.4638088,0.5361094
5.333333333333333,0.4638094,0.5361094
5.335,0.4638094,0.5361094
5.336666666666667,0.4638094,0.5361094
5.338333333333333,0.4638094,0.5361094
5.34,0.4638094,0.5361094
5.341666666666667,0.4638094,0.5361098
5.343333333333334,0.4638094,0.5361098
5.345,0.4638094,0.5361102
5.346666666666667,0.4638094,0.5361104
5.348333333333334,0.4638094,0.5361104
5.35,0.4638094,0.5361108
5.351666666666667,0.4638094,0.536111
5.3533333333333335,0.4638094,0.536111
5.355,0.46381,0.5361116
5.3566666666666665,0.46381,0.5361116
5.358333333333333,0.46381,0.5361118
5.36,0.4638104,0.5361118
5.361666666666666,0.4638108,0.536112
5.363333333333333,0.4638108,0.536112
5.365,0.463811,0.536112
5.366666666666666,0.463811,0.5361124
5.368333333333333,0.463811,0.5361124
5.37,0.463811,0.5361124
5.371666666666667,0.4638112,0.5361124
5.373333333333333,0.4638112,0.5361124
5.375,0.4638112,0.5361124
5.376666666666667,0.4638112,0.5361126
5.378333333333333,0.4638112,0.5361128
5.38,0.4638112,0.5361128
5.381666666666667,0.4638112,0.5361134
5.383333333333334,0.4638116,0.5361134
5.385,0.4638122,0.5361136
5.386666666666667,0.4638122,0.5361136
5.388333333333334,0.4638122,0.5361136
5.39,0.4638124,0.5361138
5.391666666666667,0.4638124,0.5361138
5.3933333333333335,0.4638124,0.5361138
5.395,0.4638124,0.5361144
5.3966666666666665,0.4638124,0.5361144
5.398333333333333,0.4638124,0.5361144
5.4,0.4638124,0.5361144
5.401666666666666,0.4638124,0.5361144
5.403333333333333,0.4638126,0.5361148
5.405,0.4638126,0.5361148
5.406666666666666,0.4638128,0.536115
5.408333333333333,0.463813,0.536115
5.41,0.463813,0.536115
5.411666666666667,0.4638134,0.536115
5.413333333333333,0.4638142,0.536115
5.415,0.4638142,0.5361152
5.416666666666667,0.4638142,0.5361154
5.418333333333333,0.4638142,0.5361154
5.42,0.4638142,0.5361154
5.421666666666667,0.4638144,0.5361154
5.423333333333333,0.4638144,0.5361154
5.425,0.4638148,0.5361154
5.426666666666667,0.4638148,0.5361154
5.428333333333334,0.4638148,0.536116
5.43,0.4638148,0.536116
5.431666666666667,0.4638148,0.5361162
5.433333333333334,0.4638148,0.5361162
5.435,0.4638148,0.5361162
5.4366666666666665,0.4638148,0.5361162
5.4383333333333335,0.4638148,0.5361164
5.44,0.4638152,0.5361164
5.441666666666666,0.4638152,0.5361166
5.443333333333333,0.4638152,0.5361166
5.445,0.4638152,0.5361168
5.446666666666666,0.4638156,0.5361168
5.448333333333333,0.4638156,0.5361168
5.45,0.4638156,0.5361168
5.451666666666667,0.4638156,0.5361178
5.453333333333333,0.4638156,0.5361178
5.455,0.463816,0.536118
5.456666666666667,0.463816,0.536118
5.458333333333333,0.463816,0.5361182
5.46,0.463816,0.5361182
5.461666666666667,0.463816,0.5361182
5.463333333333333,0.463816,0.5361182
5.465,0.463816,0.5361182
5.466666666666667,0.463816,0.5361184
5.468333333333334,0.463816,0.5361184
5.47,0.463816,0.5361186
5.471666666666667,0.463816,0.5361186
5.473333333333334,0.463816,0.5361186
5.475,0.463816,0.5361186
5.476666666666667,0.463816,0.5361186
5.4783333333333335,0.463816,0.5361186
5.48,0.463816,0.5361186
5.4816666666666665,0.463816,0.5361186
5.483333333333333,0.4638164,0.5361188
5.485,0.4638164,0.536119
5.486666666666666,0.4638164,0.536119
5.488333333333333,0.4638164,0.536119
5.49,0.4638164,0.5361194
5.491666666666666,0.4638166,0.5361194
5.493333333333333,0.4638168,0.5361194
5.495,0.4638168,0.5361194
5.496666666666667,0.4638168,0.5361196
5.498333333333333,0.4638168,0.5361196
5.5,0.4638168,0.5361196
5.501666666666667,0.4638168,0.53612
5.503333333333333,0.4638168,0.53612
5.505,0.4638168,0.53612
5.506666666666667,0.4638168,0.5361202
5.508333333333334,0.4638168,0.5361204
5.51,0.4638168,0.5361208
5.511666666666667,0.4638168,0.5361208
5.513333333333334,0.4638168,0.536121
5.515,0.4638168,0.536121
5.516666666666667,0.4638168,0.5361212
5.5183333333333335,0.4638168,0.5361212
5.52,0.4638168,0.5361212
5.5216666666666665,0.4638168,0.5361212
5.523333333333333,0.4638168,0.5361212
5.525,0.4638168,0.5361218
5.526666666666666,0.463817,0.536122
5.528333333333333,0.463817,0.536122
5.53,0.4638174,0.536122
5.531666666666666,0.4638178,0.536122
5.533333333333333,0.4638182,0.536122
5.535,0.4638184,0.536122
5.536666666666667,0.4638186,0.536122
5.538333333333333,0.4638186,0.536122
5.54,0.4638186,0.536122
5.541666666666667,0.4638186,0.5361222
5.543333333333333,0.4638188,0.5361222
5.545,0.4638188,0.5361222
5.546666666666667,0.4638188,0.5361222
5.548333333333333,0.4638198,0.5361222
5.55,0.4638198,0.5361222
5.551666666666667,0.4638204,0.5361222
5.553333333333334,0.4638204,0.5361222
5.555,0.4638204,0.5361222
5.556666666666667,0.4638204,0.5361222
5.558333333333334,0.4638204,0.5361222
5.56,0.4638204,0.5361222
5.5616666666666665,0.4638204,0.5361222
5.5633333333333335,0.4638204,0.536123
5.565,0.4638204,0.536123
5.566666666666666,0.4638204,0.536123
5.568333333333333,0.4638204,0.536123
5.57,0.4638204,0.536123
5.571666666666666,0.4638204,0.536123
5.573333333333333,0.4638206,0.536123
5.575,0.4638206,0.5361234
5.576666666666667,0.4638206,0.5361234
5.578333333333333,0.4638206,0.5361234
5.58,0.4638206,0.5361234
5.581666666666667,0.4638206,0.5361234
5.583333333333333,0.4638206,0.536124
5.585,0.463821,0.5361244
5.586666666666667,0.4638212,0.5361244
5.588333333333333,0.4638212,0.5361244
5.59,0.4638212,0.5361244
5.591666666666667,0.4638214,0.5361244
5.593333333333334,0.4638214,0.5361248
5.595,0.4638214,0.5361248
5.596666666666667,0.4638214,0.5361248
5.598333333333334,0.4638214,0.5361248
5.6,0.4638214,0.536125
5.601666666666667,0.4638214,0.536125
5.6033333333333335,0.4638214,0.5361252
5.605,0.4638216,0.5361252
5.6066666666666665,0.4638216,0.5361252
5.608333333333333,0.4638216,0.5361252
5.61,0.4638216,0.5361256
5.611666666666666,0.4638216,0.5361258
5.613333333333333,0.4638218,0.5361258
5.615,0.4638218,0.5361258
5.616666666666666,0.4638218,0.5361258
5.618333333333333,0.4638218,0.5361258
5.62,0.4638228,0.5361258
5.621666666666667,0.4638228,0.5361258
5.623333333333333,0.4638228,0.5361258
5.625,0.4638234,0.5361258
5.626666666666667,0.4638234,0.5361258
5.628333333333333,0.4638234,0.5361258
5.63,0.4638236,0.5361258
5.631666666666667,0.4638236,0.5361258
5.633333333333334,0.4638236,0.5361258
5.635,0.463824,0.5361258
5.636666666666667,0.463824,0.5361262
5.638333333333334,0.4638254,0.5361262
5.64,0.4638256,0.5361262
5.641666666666667,0.4638256,0.5361262
5.6433333333333335,0.4638256,0.5361262
5.645,0.4638256,0.5361264
5.6466666666666665,0.4638256,0.5361266
5.648333333333333,0.4638256,0.5361266
5.65,0.463826,0.5361266
5.651666666666666,0.463826,0.5361266
5.653333333333333,0.463826,0.5361266
5.655,0.4638262,0.536127
5.656666666666666,0.4638262,0.536127
5.658333333333333,0.4638262,0.5361272
5.66,0.4638262,0.5361278
5.661666666666667,0.4638266,0.5361278
5.663333333333333,0.4638266,0.5361278
5.665,0.4638272,0.5361282
5.666666666666667,0.4638272,0.5361282
5.668333333333333,0.4638272,0.5361282
5.67,0.4638272,0.5361282
5.671666666666667,0.4638272,0.5361282
5.673333333333333,0.4638272,0.5361282
5.675,0.4638272,0.5361282
5.676666666666667,0.4638272,0.5361282
5.678333333333334,0.4638272,0.5361282
5.68,0.4638272,0.5361282
5.681666666666667,0.4638272,0.5361284
5.683333333333334,0.4638272,0.5361284
5.685,0.4638272,0.5361284
5.6866666666666665,0.4638272,0.5361286
5.6883333333333335,0.4638274,0.5361286
5.69,0.4638276,0.5361286
5.691666666666666,0.4638276,0.5361286
5.693333333333333,0.4638276,0.5361294
5.695,0.4638276,0.5361296
5.696666666666666,0.4638276,0.5361296
5.698333333333333,0.463828,0.5361296
5.7,0.463828,0.5361296
5.701666666666667,0.463828,0.5361296
5.703333333333333,0.4638282,0.5361296
5.705,0.4638282,0.5361296
5.706666666666667,0.4638282,0.5361296
5.708333333333333,0.4638282,0.5361296
5.71,0.4638282,0.5361296
5.711666666666667,0.4638282,0.5361296
5.713333333333333,0.4638282,0.5361296
5.715,0.4638282,0.5361296
5.716666666666667,0.4638282,0.5361304
5.718333333333334,0.4638282,0.5361304
5.72,0.4638286,0.5361304
5.721666666666667,0.4638286,0.5361308
5.723333333333334,0.4638286,0.5361308
5.725,0.4638286,0.5361308
5.726666666666667,0.4638286,0.5361308
5.7283333333333335,0.4638286,0.5361308
5.73,0.4638286,0.5361308
5.7316666666666665,0.4638286,0.5361308
5.733333333333333,0.4638286,0.5361308
5.735,0.4638286,0.536131
5.736666666666666,0.4638286,0.536131
5.738333333333333,0.4638286,0.536131
5.74,0.4638286,0.536131
5.741666666666666,0.4638286,0.536131
5.743333333333333,0.4638286,0.536131
5.745,0.4638286,0.536131
5.746666666666667,0.4638286,0.536131
5.748333333333333,0.4638286,0.5361312
5.75,0.4638286,0.5361312
5.751666666666667,0.4638288,0.5361312
5.753333333333333,0.4638292,0.5361312
5.755,0.4638292,0.5361312
5.756666666666667,0.4638292,0.5361312
5.758333333333334,0.4638292,0.5361312
5.76,0.4638292,0.5361312
5.761666666666667,0.4638292,0.5361312
5.763333333333334,0.4638292,0.5361312
5.765,0.4638294,0.5361312
5.766666666666667,0.4638294,0.5361312
5.7683333333333335,0.4638294,0.5361312
5.77,0.4638294,0.5361316
5.7716666666666665,0.4638294,0.536132
5.773333333333333,0.4638294,0.536132
5.775,0.4638294,0.536132
5.776666666666666,0.4638294,0.536132
5.778333333333333,0.4638294,0.5361328
5.78,0.4638294,0.5361328
5.781666666666666,0.4638294,0.5361328
5.783333333333333,0.4638294,0.5361328
5.785,0.4638294,0.5361328
5.786666666666667,0.46383,0.5361328
5.788333333333333,0.4638302,0.5361328
5.79,0.4638302,0.5361328
5.791666666666667,0.4638302,0.5361328
5.793333333333333,0.4638302,0.5361328
5.795,0.4638308,0.5361328
5.796666666666667,0.4638308,0.5361328
5.798333333333333,0.4638308,0.5361328
5.8,0.4638308,0.5361328
5.801666666666667,0.463831,0.5361328
5.803333333333334,0.463831,0.5361328
5.805,0.4638312,0.5361328
5.806666666666667,0.4638312,0.5361328
5.808333333333334,0.4638314,0.5361328
5.81,0.4638314,0.5361328
5.8116666666666665,0.4638314,0.5361328
5.8133333333333335,0.4638314,0.5361328
5.815,0.4638314,0.5361328
5.816666666666666,0.4638314,0.5361328
5.818333333333333,0.4638314,0.5361328
5.82,0.4638314,0.5361328
5.821666666666666,0.4638314,0.5361328
5.823333333333333,0.4638314,0.5361328
5.825,0.4638314,0.5361328
5.826666666666667,0.4638318,0.5361328
5.828333333333333,0.4638318,0.5361328
5.83,0.4638318,0.5361328
5.831666666666667,0.4638318,0.5361328
5.833333333333333,0.4638318,0.5361328
5.835,0.4638318,0.5361328
5.836666666666667,0.4638318,0.5361332
5.838333333333333,0.4638318,0.5361332
5.84,0.463832,0.5361332
5.841666666666667,0.463832,0.5361332
5.843333333333334,0.463832,0.5361332
5.845,0.4638324,0.5361332
5.846666666666667,0.4638324,0.5361332
5.848333333333334,0.4638324,0.5361338
5.85,0.4638332,0.5361338
5.851666666666667,0.4638334,0.5361338
5.8533333333333335,0.4638334,0.5361338
5.855,0.4638334,0.5361338
5.8566666666666665,0.4638334,0.5361338
5.858333333333333,0.4638334,0.5361338
5.86,0.4638334,0.536134
5.861666666666666,0.4638334,0.536134
5.863333333333333,0.4638334,0.536134
5.865,0.4638334,0.536134
5.866666666666666,0.4638334,0.5361342
5.868333333333333,0.4638334,0.5361342
5.87,0.4638334,0.5361342
5.871666666666667,0.4638334,0.5361344
5.873333333333333,0.4638334,0.5361344
5.875,0.4638336,0.5361344
5.876666666666667,0.4638336,0.5361344
5.878333333333333,0.4638336,0.5361344
5.88,0.4638336,0.5361348
5.881666666666667,0.4638336,0.536135
5.883333333333334,0.4638336,0.536135
5.885,0.4638336,0.536135
5.886666666666667,0.4638342,0.536135
5.888333333333334,0.4638342,0.536135
5.89,0.4638342,0.536135
5.891666666666667,0.4638344,0.536135
5.8933333333333335,0.4638344,0.536135
5.895,0.4638344,0.536135
5.8966666666666665,0.4638346,0.536135
5.898333333333333,0.4638346,0.536135
5.9,0.463835,0.536135
5.901666666666666,0.463835,0.5361352
5.903333333333333,0.4638352,0.5361352
5.905,0.4638352,0.5361352
5.906666666666666,0.4638352,0.5361352
5.908333333333333,0.4638352,0.5361352
5.91,0.4638352,0.5361352
5.911666666666667,0.4638356,0.5361352
5.913333333333333,0.4638356,0.5361352
5.915,0.4638356,0.5361352
5.916666666666667,0.4638356,0.5361352
5.918333333333333,0.4638358,0.5361352
5.92,0.4638358,0.5361352
5.921666666666667,0.4638358,0.5361352
5.923333333333333,0.4638358,0.5361352
5.925,0.4638358,0.5361352
5.926666666666667,0.4638358,0.5361352
5.928333333333334,0.4638358,0.5361352
5.93,0.4638358,0.5361358
5.931666666666667,0.4638358,0.5361358
5.933333333333334,0.4638358,0.5361358
5.935,0.4638358,0.5361358
5.9366666666666665,0.4638358,0.5361358
5.9383333333333335,0.4638358,0.5361358
5.94,0.4638358,0.5361358
5.941666666666666,0.4638358,0.5361358
5.943333333333333,0.4638358,0.5361358
5.945,0.4638358,0.5361358
5.946666666666666,0.4638358,0.5361358
5.948333333333333,0.4638358,0.536136
5.95,0.4638362,0.536136
5.951666666666667,0.4638362,0.536136
5.953333333333333,0.4638362,0.536136
5.955,0.4638362,0.536136
5.956666666666667,0.4638362,0.536136
5.958333333333333,0.4638366,0.5361362
5.96,0.4638366,0.5361362
5.961666666666667,0.4638366,0.5361362
5.963333333333333,0.4638366,0.5361362
5.965,0.4638366,0.5361362
5.966666666666667,0.4638366,0.5361362
5.968333333333334,0.4638366,0.5361362
5.97,0.4638368,0.5361364
5.971666666666667,0.4638368,0.5361364
5.973333333333334,0.4638368,0.5361364
5.975,0.4638368,0.5361364
5.976666666666667,0.4638368,0.5361364
5.9783333333333335,0.4638368,0.5361364
5.98,0.4638368,0.5361364
5.9816666666666665,0.4638368,0.536137
5.983333333333333,0.4638368,0.536137
5.985,0.4638368,0.536137
5.986666666666666,0.4638368,0.536137
5.988333333333333,0.4638368,0.536137
5.99,0.4638368,0.5361372
5.991666666666666,0.4638376,0.5361372
5.993333333333333,0.4638376,0.536138
5.995,0.4638376,0.536138
5.996666666666667,0.4638378,0.536138
5.998333333333333,0.4638378,0.536138
6.0,0.4638378,0.536138
6.001666666666667,0.4638378,0.536138
6.003333333333333,0.4638378,0.536138
6.005,0.4638378,0.536138
6.006666666666667,0.4638378,0.536138
6.008333333333334,0.4638378,0.536138
6.01,0.4638378,0.536138
6.011666666666667,0.4638382,0.536138
6.013333333333334,0.4638382,0.536138
6.015,0.4638382,0.5361382
6.016666666666667,0.4638382,0.5361382
6.0183333333333335,0.4638382,0.5361382
6.02,0.4638382,0.5361386
6.0216666666666665,0.4638382,0.5361386
6.023333333333333,0.4638382,0.5361386
6.025,0.4638382,0.5361386
6.026666666666666,0.4638382,0.5361386
6.028333333333333,0.4638384,0.5361386
6.03,0.4638386,0.5361386
6.031666666666666,0.4638386,0.5361386
6.033333333333333,0.4638386,0.5361386
6.035,0.4638386,0.5361386
6.036666666666667,0.4638386,0.5361386
6.038333333333333,0.4638386,0.5361386
6.04,0.4638386,0.536139
6.041666666666667,0.4638386,0.536139
6.043333333333333,0.4638386,0.536139
6.045,0.4638386,0.536139
6.046666666666667,0.4638386,0.536139
6.048333333333333,0.4638386,0.5361392
6.05,0.4638386,0.5361392
6.051666666666667,0.4638386,0.5361392
6.053333333333334,0.4638386,0.5361392
6.055,0.4638386,0.5361392
6.056666666666667,0.4638386,0.5361392
6.058333333333334,0.4638386,0.5361392
6.06,0.4638394,0.5361392
6.0616666666666665,0.4638394,0.5361392
6.0633333333333335,0.4638396,0.5361392
6.065,0.4638396,0.5361392
6.066666666666666,0.4638396,0.5361392
6.068333333333333,0.4638396,0.5361392
6.07,0.4638396,0.5361392
6.071666666666666,0.4638396,0.5361392
6.073333333333333,0.4638396,0.5361392
6.075,0.4638396,0.5361392
6.076666666666667,0.4638396,0.5361392
6.078333333333333,0.4638396,0.5361392
6.08,0.4638396,0.5361392
6.081666666666667,0.4638396,0.5361394
6.083333333333333,0.4638396,0.5361394
6.085,0.4638396,0.5361394
6.086666666666667,0.4638396,0.5361394
6.088333333333333,0.4638396,0.5361394
6.09,0.4638396,0.5361394
6.091666666666667,0.4638396,0.5361394
6.093333333333334,0.4638396,0.5361394
6.095,0.4638396,0.5361394
6.096666666666667,0.4638396,0.5361394
6.098333333333334,0.4638396,0.5361394
6.1,0.4638396,0.5361394
6.101666666666667,0.4638396,0.5361394
6.1033333333333335,0.4638396,0.5361394
6.105,0.4638396,0.5361394
6.1066666666666665,0.4638396,0.5361394
6.108333333333333,0.46384,0.5361394
6.11,0.46384,0.5361394
6.111666666666666,0.46384,0.5361394
6.113333333333333,0.46384,0.5361394
6.115,0.46384,0.5361396
6.116666666666666,0.46384,0.5361396
6.118333333333333,0.46384,0.5361396
6.12,0.46384,0.5361396
6.121666666666667,0.46384,0.5361396
6.123333333333333,0.46384,0.5361396
6.125,0.46384,0.5361396
6.126666666666667,0.46384,0.5361396
6.128333333333333,0.46384,0.5361396
6.13,0.46384,0.5361396
6.131666666666667,0.46384,0.5361396
6.133333333333334,0.4638404,0.5361396
6.135,0.4638404,0.5361406
6.136666666666667,0.4638404,0.5361406
6.138333333333334,0.4638404,0.5361406
6.14,0.4638406,0.5361406
6.141666666666667,0.4638406,0.5361406
6.1433333333333335,0.4638406,0.5361406
6.145,0.4638406,0.5361406
6.1466666666666665,0.4638406,0.5361406
6.148333333333333,0.4638406,0.536141
6.15,0.4638406,0.536141
6.151666666666666,0.4638406,0.536141
6.153333333333333,0.4638406,0.536141
6.155,0.4638406,0.536141
6.156666666666666,0.4638406,0.536141
6.158333333333333,0.463841,0.5361412
6.16,0.463841,0.5361412
6.161666666666667,0.463841,0.5361412
6.163333333333333,0.463841,0.5361414
6.165,0.463841,0.5361414
6.166666666666667,0.463841,0.5361414
6.168333333333333,0.463841,0.5361414
6.17,0.4638412,0.5361414
6.171666666666667,0.4638416,0.5361414
6.173333333333333,0.4638418,0.5361418
6.175,0.4638418,0.5361418
6.176666666666667,0.4638418,0.5361418
6.178333333333334,0.4638418,0.5361418
6.18,0.4638418,0.536142
6.181666666666667,0.4638418,0.536142
6.183333333333334,0.463842,0.536142
6.185,0.463842,0.536142
6.1866666666666665,0.463842,0.5361422
6.1883333333333335,0.463842,0.5361422
6.19,0.463842,0.5361422
6.191666666666666,0.4638422,0.5361422
6.193333333333333,0.4638422,0.5361422
6.195,0.4638422,0.5361422
6.196666666666666,0.4638422,0.5361422
6.198333333333333,0.4638422,0.5361422
6.2,0.4638422,0.5361422
6.201666666666667,0.4638422,0.5361422
6.203333333333333,0.4638422,0.5361426
6.205,0.4638422,0.5361426
6.206666666666667,0.4638422,0.5361426
6.208333333333333,0.4638422,0.5361426
6.21,0.4638422,0.5361426
6.211666666666667,0.4638422,0.5361426
6.213333333333333,0.4638422,0.5361426
6.215,0.4638422,0.5361426
6.216666666666667,0.4638422,0.5361426
6.218333333333334,0.4638422,0.5361426
6.22,0.4638422,0.5361426
6.221666666666667,0.4638422,0.5361426
6.223333333333334,0.4638422,0.5361426
6.225,0.4638422,0.5361426
6.226666666666667,0.4638422,0.5361426
6.2283333333333335,0.4638422,0.5361426
6.23,0.4638422,0.5361426
6.2316666666666665,0.4638426,0.5361426
6.233333333333333,0.4638426,0.5361432
6.235,0.4638426,0.5361432
6.236666666666666,0.4638426,0.5361432
6.238333333333333,0.4638426,0.5361432
6.24,0.4638426,0.5361432
6.241666666666666,0.4638426,0.5361432
6.243333333333333,0.4638426,0.5361434
6.245,0.4638426,0.5361434
6.246666666666667,0.4638426,0.5361442
6.248333333333333,0.4638426,0.5361442
6.25,0.4638426,0.5361442
6.251666666666667,0.4638426,0.5361442
6.253333333333333,0.4638426,0.5361442
6.255,0.4638426,0.5361442
6.256666666666667,0.4638426,0.5361442
6.258333333333334,0.4638426,0.5361442
6.26,0.4638426,0.5361442
6.261666666666667,0.4638426,0.5361442
6.263333333333334,0.4638426,0.5361446
6.265,0.4638426,0.5361446
6.266666666666667,0.4638426,0.5361446
6.2683333333333335,0.4638428,0.5361446
6.27,0.4638428,0.5361446
6.2716666666666665,0.4638428,0.5361446
6.273333333333333,0.4638428,0.5361446
6.275,0.4638434,0.5361446
6.276666666666666,0.4638434,0.5361446
6.278333333333333,0.4638434,0.5361448
6.28,0.4638434,0.5361448
6.281666666666666,0.4638434,0.5361448
6.283333333333333,0.4638434,0.5361448
6.285,0.4638434,0.5361448
6.286666666666667,0.4638434,0.5361448
6.288333333333333,0.4638434,0.5361448
6.29,0.4638434,0.5361448
6.291666666666667,0.4638434,0.5361448
6.293333333333333,0.4638434,0.5361448
6.295,0.4638434,0.5361448
6.296666666666667,0.4638434,0.5361452
6.298333333333333,0.4638434,0.5361452
6.3,0.4638434,0.5361452
6.301666666666667,0.4638434,0.5361452
6.303333333333334,0.4638434,0.5361452
6.305,0.4638434,0.5361452
6.306666666666667,0.4638434,0.5361452
6.308333333333334,0.4638434,0.5361452
6.31,0.4638434,0.5361452
6.3116666666666665,0.4638434,0.5361452
6.3133333333333335,0.4638434,0.5361456
6.315,0.4638434,0.5361456
6.316666666666666,0.4638434,0.5361456
6.318333333333333,0.4638434,0.5361456
6.32,0.4638434,0.5361456
6.321666666666666,0.4638434,0.5361456
6.323333333333333,0.4638434,0.5361458
6.325,0.4638434,0.5361458
6.326666666666667,0.4638434,0.5361458
6.328333333333333,0.4638434,0.5361458
6.33,0.4638434,0.5361458
6.331666666666667,0.4638434,0.5361458
6.333333333333333,0.4638436,0.5361458
6.335,0.4638436,0.5361458
6.336666666666667,0.4638436,0.5361458
6.338333333333333,0.4638436,0.5361458
6.34,0.4638436,0.5361458
6.341666666666667,0.4638436,0.5361458
6.343333333333334,0.4638438,0.5361458
6.345,0.4638438,0.5361458
6.346666666666667,0.4638438,0.5361458
6.348333333333334,0.4638438,0.536146
6.35,0.4638438,0.536146
6.351666666666667,0.4638438,0.536146
6.3533333333333335,0.4638438,0.536146
6.355,0.4638438,0.536146
6.3566666666666665,0.4638438,0.536146
6.358333333333333,0.4638438,0.536146
6.36,0.463844,0.536146
6.361666666666666,0.463844,0.536146
6.363333333333333,0.463844,0.536146
6.365,0.463844,0.536146
6.366666666666666,0.463844,0.536146
6.368333333333333,0.463844,0.536146
6.37,0.463844,0.536146
6.371666666666667,0.463844,0.536146
6.373333333333333,0.463844,0.5361464
6.375,0.463844,0.5361464
6.376666666666667,0.463844,0.5361464
6.378333333333333,0.463844,0.5361464
6.38,0.463844,0.5361464
6.381666666666667,0.463844,0.5361464
6.383333333333334,0.463844,0.5361464
6.385,0.463844,0.5361464
6.386666666666667,0.463844,0.5361464
6.388333333333334,0.463844,0.5361464
6.39,0.463844,0.5361464
6.391666666666667,0.463844,0.5361464
6.3933333333333335,0.463844,0.5361464
6.395,0.463844,0.5361464
6.3966666666666665,0.463844,0.5361468
6.398333333333333,0.463844,0.5361468
6.4,0.463844,0.5361468
6.401666666666666,0.463844,0.5361468
6.403333333333333,0.463844,0.5361468
6.405,0.463844,0.5361468
6.406666666666666,0.463844,0.5361468
6.408333333333333,0.463844,0.5361468
6.41,0.463844,0.5361468
6.411666666666667,0.463844,0.5361468
6.413333333333333,0.463844,0.5361468
6.415,0.463844,0.5361468
6.416666666666667,0.463844,0.5361468
6.418333333333333,0.463844,0.5361468
6.42,0.463844,0.5361468
6.421666666666667,0.463844,0.5361468
6.423333333333333,0.463844,0.5361468
6.425,0.463844,0.5361468
6.426666666666667,0.463844,0.5361468
6.428333333333334,0.463844,0.5361468
6.43,0.463844,0.5361468
6.431666666666667,0.463844,0.5361468
6.433333333333334,0.4638442,0.5361468
6.435,0.4638442,0.5361468
6.4366666666666665,0.4638442,0.5361468
6.4383333333333335,0.4638442,0.5361468
6.44,0.4638442,0.5361468
6.441666666666666,0.4638442,0.5361468
6.443333333333333,0.4638442,0.5361468
6.445,0.4638442,0.5361468
6.446666666666666,0.4638444,0.5361468
6.448333333333333,0.4638444,0.5361468
6.45,0.4638444,0.5361468
6.451666666666667,0.4638444,0.5361468
6.453333333333333,0.4638444,0.5361468
6.455,0.4638444,0.5361468
6.456666666666667,0.4638444,0.5361468
6.458333333333333,0.4638444,0.5361468
6.46,0.4638444,0.5361468
6.461666666666667,0.4638444,0.5361468
6.463333333333333,0.4638444,0.5361468
6.465,0.4638444,0.5361468
6.466666666666667,0.4638444,0.5361468
6.468333333333334,0.4638444,0.536147
6.47,0.4638444,0.536147
6.471666666666667,0.4638444,0.536147
6.473333333333334,0.4638444,0.536147
6.475,0.4638444,0.536147
6.476666666666667,0.4638444,0.536147
6.4783333333333335,0.4638444,0.536147
6.48,0.4638444,0.536147
6.4816666666666665,0.4638444,0.536147
6.483333333333333,0.4638444,0.536147
6.485,0.4638444,0.536147
6.486666666666666,0.4638444,0.536147
6.488333333333333,0.4638444,0.536147
6.49,0.4638444,0.536147
6.491666666666666,0.4638444,0.536147
6.493333333333333,0.4638444,0.536147
6.495,0.4638444,0.5361472
6.496666666666667,0.4638444,0.5361472
6.498333333333333,0.4638444,0.5361472
6.5,0.4638444,0.5361472
6.501666666666667,0.4638444,0.5361472
6.503333333333333,0.4638444,0.5361472
6.505,0.4638444,0.5361472
6.506666666666667,0.4638444,0.5361472
6.508333333333334,0.4638444,0.5361472
6.51,0.4638444,0.5361472
6.511666666666667,0.4638444,0.5361472
6.513333333333334,0.4638444,0.5361472
6.515,0.4638444,0.5361472
6.516666666666667,0.4638444,0.5361472
6.5183333333333335,0.4638444,0.5361472
6.52,0.4638444,0.5361472
6.5216666666666665,0.4638444,0.5361472
6.523333333333333,0.4638444,0.5361472
6.525,0.4638444,0.5361472
6.526666666666666,0.4638444,0.5361472
6.528333333333333,0.4638444,0.5361472
6.53,0.4638444,0.5361472
6.531666666666666,0.4638444,0.5361472
6.533333333333333,0.4638444,0.5361472
6.535,0.4638444,0.5361472
6.536666666666667,0.4638444,0.5361472
6.538333333333333,0.4638444,0.5361472
6.54,0.4638444,0.5361472
6.541666666666667,0.4638444,0.5361472
6.543333333333333,0.4638444,0.5361472
6.545,0.4638444,0.5361472
6.546666666666667,0.4638444,0.5361472
6.548333333333333,0.4638444,0.5361472
6.55,0.4638444,0.5361472
6.551666666666667,0.4638444,0.5361472
6.553333333333334,0.4638444,0.5361472
6.555,0.4638444,0.5361472
6.556666666666667,0.4638444,0.5361472
6.558333333333334,0.4638446,0.5361472
6.56,0.4638446,0.5361472
6.5616666666666665,0.4638446,0.5361472
6.5633333333333335,0.4638446,0.5361472
6.565,0.4638446,0.5361472
6.566666666666666,0.4638446,0.5361472
6.568333333333333,0.4638446,0.5361472
6.57,0.4638446,0.5361472
6.571666666666666,0.4638446,0.5361472
6.573333333333333,0.4638446,0.5361472
6.575,0.4638446,0.5361472
6.576666666666667,0.4638446,0.5361472
6.578333333333333,0.4638446,0.5361472
6.58,0.4638446,0.5361472
6.581666666666667,0.4638446,0.5361472
6.583333333333333,0.4638446,0.5361472
6.585,0.4638446,0.5361472
6.586666666666667,0.4638446,0.5361472
6.588333333333333,0.4638446,0.5361472
6.59,0.4638446,0.5361472
6.591666666666667,0.4638446,0.5361472
6.593333333333334,0.4638446,0.5361472
6.595,0.4638446,0.5361472
6.596666666666667,0.4638446,0.5361472
6.598333333333334,0.4638446,0.5361472
6.6,0.4638446,0.5361472
6.601666666666667,0.4638446,0.5361472
6.6033333333333335,0.4638446,0.5361472
6.605,0.4638446,0.5361478
6.6066666666666665,0.4638446,0.5361478
6.608333333333333,0.4638446,0.5361478
6.61,0.4638446,0.5361478
6.611666666666666,0.4638446,0.5361478
6.613333333333333,0.4638446,0.536148
6.615,0.4638446,0.536148
6.616666666666666,0.4638446,0.536148
6.618333333333333,0.4638446,0.536148
6.62,0.4638446,0.536148
6.621666666666667,0.4638446,0.536148
6.623333333333333,0.4638446,0.536148
6.625,0.4638446,0.536148
6.626666666666667,0.4638446,0.536148
6.628333333333333,0.4638446,0.536148
6.63,0.4638446,0.536148
6.631666666666667,0.4638446,0.536148
6.633333333333334,0.4638446,0.536148
6.635,0.4638446,0.536148
6.636666666666667,0.4638446,0.536148
6.638333333333334,0.4638446,0.5361484
6.64,0.463845,0.5361484
6.641666666666667,0.463845,0.5361484
6.6433333333333335,0.463845,0.5361484
6.645,0.463845,0.5361484
6.6466666666666665,0.463845,0.5361484
6.648333333333333,0.463845,0.5361484
6.65,0.463845,0.5361484
6.651666666666666,0.463845,0.5361484
6.653333333333333,0.463845,0.5361484
6.655,0.463845,0.5361484
6.656666666666666,0.463845,0.5361484
6.658333333333333,0.463845,0.5361484
6.66,0.463845,0.5361484
6.661666666666667,0.463845,0.5361484
6.663333333333333,0.463845,0.5361484
6.665,0.463845,0.5361484
6.666666666666667,0.463845,0.5361484
6.668333333333333,0.463845,0.5361484
6.67,0.463845,0.5361484
6.671666666666667,0.463845,0.5361484
6.673333333333333,0.463845,0.5361484
6.675,0.463845,0.5361484
6.676666666666667,0.463845,0.5361484
6.678333333333334,0.463845,0.5361484
6.68,0.463845,0.5361484
6.681666666666667,0.463845,0.5361484
6.683333333333334,0.463845,0.5361484
6.685,0.463845,0.5361484
6.6866666666666665,0.463845,0.5361484
6.6883333333333335,0.463845,0.5361484
6.69,0.463845,0.5361484
6.691666666666666,0.463845,0.5361484
6.693333333333333,0.463845,0.5361484
6.695,0.463845,0.5361484
6.696666666666666,0.463845,0.5361484
6.698333333333333,0.463845,0.5361484
6.7,0.463845,0.5361484
6.701666666666667,0.463845,0.5361484
6.703333333333333,0.463845,0.5361484
6.705,0.463845,0.5361484
6.706666666666667,0.463845,0.5361484
6.708333333333333,0.463845,0.5361484
6.71,0.463845,0.5361484
6.711666666666667,0.463845,0.5361484
6.713333333333333,0.463845,0.5361484
6.715,0.463845,0.5361484
6.716666666666667,0.463845,0.5361484
6.718333333333334,0.463845,0.5361484
6.72,0.463845,0.5361484
6.721666666666667,0.463845,0.5361484
6.723333333333334,0.463845,0.5361484
6.725,0.463845,0.5361484
6.726666666666667,0.463845,0.5361486
6.7283333333333335,0.463845,0.5361486
6.73,0.463845,0.5361486
6.7316666666666665,0.463845,0.5361486
6.733333333333333,0.463845,0.5361486
6.735,0.463845,0.5361486
6.736666666666666,0.4638456,0.5361486
6.738333333333333,0.4638456,0.5361486
6.74,0.4638456,0.5361486
6.741666666666666,0.4638456,0.5361486
6.743333333333333,0.4638456,0.5361486
6.745,0.4638456,0.5361486
6.746666666666667,0.4638456,0.5361486
6.748333333333333,0.4638456,0.5361486
6.75,0.4638456,0.5361486
6.751666666666667,0.4638456,0.5361486
6.753333333333333,0.4638456,0.5361486
6.755,0.4638458,0.5361486
6.756666666666667,0.4638458,0.5361486
6.758333333333334,0.4638458,0.5361486
6.76,0.4638458,0.5361486
6.761666666666667,0.4638458,0.5361486
6.763333333333334,0.4638458,0.5361486
6.765,0.4638458,0.5361486
6.766666666666667,0.4638458,0.5361486
6.7683333333333335,0.4638458,0.5361486
6.77,0.4638458,0.5361486
6.7716666666666665,0.4638458,0.5361486
6.773333333333333,0.4638458,0.5361486
6.775,0.4638458,0.5361486
6.776666666666666,0.4638458,0.5361486
6.778333333333333,0.4638458,0.5361486
6.78,0.4638458,0.5361486
6.781666666666666,0.4638458,0.5361486
6.783333333333333,0.4638458,0.5361486
6.785,0.4638458,0.5361486
6.786666666666667,0.4638458,0.5361486
6.788333333333333,0.4638458,0.5361486
6.79,0.4638458,0.5361488
6.791666666666667,0.4638458,0.5361488
6.793333333333333,0.4638458,0.5361488
6.795,0.4638458,0.5361488
6.796666666666667,0.4638458,0.5361488
6.798333333333333,0.4638458,0.5361488
6.8,0.4638458,0.5361488
6.801666666666667,0.4638458,0.5361488
6.803333333333334,0.4638458,0.5361488
6.805,0.4638458,0.5361488
6.806666666666667,0.4638458,0.5361488
6.808333333333334,0.4638458,0.5361488
6.81,0.4638458,0.5361488
6.8116666666666665,0.4638458,0.5361488
6.8133333333333335,0.4638458,0.5361488
6.815,0.4638458,0.5361488
6.816666666666666,0.4638458,0.5361488
6.818333333333333,0.4638458,0.5361488
6.82,0.4638458,0.5361488
6.821666666666666,0.4638458,0.5361488
6.823333333333333,0.4638458,0.5361488
6.825,0.4638458,0.5361488
6.826666666666667,0.4638458,0.5361488
6.828333333333333,0.4638458,0.5361488
6.83,0.4638458,0.5361488
6.831666666666667,0.4638458,0.5361488
6.833333333333333,0.4638458,0.5361488
6.835,0.4638458,0.5361488
6.836666666666667,0.4638462,0.5361488
6.838333333333333,0.4638466,0.5361488
6.84,0.4638466,0.5361488
6.841666666666667,0.4638466,0.536149
6.843333333333334,0.4638466,0.536149
6.845,0.4638466,0.536149
6.846666666666667,0.4638466,0.536149
6.848333333333334,0.4638466,0.536149
6.85,0.4638466,0.536149
6.851666666666667,0.4638466,0.536149
6.8533333333333335,0.4638466,0.536149
6.855,0.4638466,0.536149
6.8566666666666665,0.4638466,0.536149
6.858333333333333,0.4638466,0.536149
6.86,0.4638466,0.536149
6.861666666666666,0.4638466,0.536149
6.863333333333333,0.4638466,0.536149
6.865,0.4638466,0.536149
6.866666666666666,0.4638466,0.536149
6.868333333333333,0.4638466,0.536149
6.87,0.4638466,0.536149
6.871666666666667,0.4638466,0.536149
6.873333333333333,0.4638466,0.536149
6.875,0.4638466,0.536149
6.876666666666667,0.4638466,0.536149
6.878333333333333,0.4638466,0.536149
6.88,0.4638466,0.536149
6.881666666666667,0.4638466,0.536149
6.883333333333334,0.4638466,0.536149
6.885,0.4638466,0.536149
6.886666666666667,0.4638466,0.536149
6.888333333333334,0.4638466,0.536149
6.89,0.4638466,0.536149
6.891666666666667,0.4638466,0.536149
6.8933333333333335,0.4638466,0.536149
6.895,0.4638466,0.536149
6.8966666666666665,0.463847,0.536149
6.898333333333333,0.463847,0.536149
6.9,0.463847,0.536149
6.901666666666666,0.463847,0.536149
6.903333333333333,0.463847,0.536149
6.905,0.463847,0.536149
6.906666666666666,0.463847,0.536149
6.908333333333333,0.463847,0.536149
6.91,0.463847,0.536149
6.911666666666667,0.463847,0.536149
6.913333333333333,0.463847,0.536149
6.915,0.463847,0.536149
6.916666666666667,0.463847,0.536149
6.918333333333333,0.463847,0.536149
6.92,0.463847,0.5361492
6.921666666666667,0.463847,0.5361492
6.923333333333333,0.463847,0.5361492
6.925,0.463847,0.5361492
6.926666666666667,0.463847,0.5361492
6.928333333333334,0.463847,0.5361492
6.93,0.463847,0.5361492
6.931666666666667,0.463847,0.5361492
6.933333333333334,0.463847,0.5361492
6.935,0.463847,0.5361492
6.9366666666666665,0.463847,0.5361492
6.9383333333333335,0.463847,0.5361492
6.94,0.463847,0.5361492
6.941666666666666,0.463847,0.5361492
6.943333333333333,0.463847,0.5361492
6.945,0.463847,0.5361492
6.946666666666666,0.463847,0.5361492
6.948333333333333,0.463847,0.5361492
6.95,0.463847,0.5361492
6.951666666666667,0.463847,0.5361492
6.953333333333333,0.463847,0.5361492
6.955,0.463847,0.5361492
6.956666666666667,0.463847,0.5361492
6.958333333333333,0.463847,0.5361492
6.96,0.463847,0.5361492
6.961666666666667,0.463847,0.5361492
6.963333333333333,0.463847,0.5361492
6.965,0.463847,0.5361492
6.966666666666667,0.463847,0.5361492
6.968333333333334,0.463847,0.5361492
6.97,0.463847,0.5361492
6.971666666666667,0.463847,0.5361492
6.973333333333334,0.463847,0.5361492
6.975,0.463847,0.5361492
6.976666666666667,0.463847,0.5361492
6.9783333333333335,0.463847,0.5361492
6.98,0.463847,0.5361492
6.9816666666666665,0.463847,0.5361492
6.983333333333333,0.463847,0.5361492
6.985,0.463847,0.5361492
6.986666666666666,0.463847,0.5361492
6.988333333333333,0.463847,0.5361492
6.99,0.463847,0.5361492
6.991666666666666,0.463847,0.5361492
6.993333333333333,0.463847,0.5361492
6.995,0.463847,0.5361492
6.996666666666667,0.463847,0.5361492
6.998333333333333,0.463847,0.5361492
7.0,0.463847,0.5361492
7.001666666666667,0.463847,0.5361492
7.003333333333333,0.463847,0.5361492
7.005,0.463847,0.5361492
7.006666666666667,0.463847,0.5361492
7.008333333333334,0.463847,0.5361492
7.01,0.463847,0.5361492
7.011666666666667,0.463847,0.5361492
7.013333333333334,0.463847,0.5361492
7.015,0.463847,0.5361492
7.016666666666667,0.463847,0.5361492
7.0183333333333335,0.463847,0.5361492
7.02,0.463847,0.5361492
7.0216666666666665,0.463847,0.5361492
7.023333333333333,0.4638474,0.5361492
7.025,0.4638474,0.5361492
7.026666666666666,0.4638474,0.5361492
7.028333333333333,0.4638474,0.5361492
7.03,0.4638474,0.5361492
7.031666666666666,0.4638474,0.5361492
7.033333333333333,0.4638474,0.5361492
7.035,0.4638474,0.5361492
7.036666666666667,0.4638474,0.5361492
7.038333333333333,0.4638474,0.5361492
7.04,0.4638474,0.5361492
7.041666666666667,0.4638474,0.5361492
7.043333333333333,0.4638474,0.5361492
7.045,0.4638474,0.5361492
7.046666666666667,0.4638474,0.5361492
7.048333333333333,0.4638474,0.5361492
7.05,0.4638474,0.5361492
7.051666666666667,0.4638474,0.5361492
7.053333333333334,0.4638474,0.5361492
7.055,0.4638474,0.5361492
7.056666666666667,0.4638474,0.5361492
7.058333333333334,0.4638474,0.5361492
7.06,0.4638474,0.5361492
7.0616666666666665,0.4638474,0.5361492
7.0633333333333335,0.4638474,0.5361492
7.065,0.4638474,0.5361492
7.066666666666666,0.4638474,0.5361492
7.068333333333333,0.4638474,0.5361492
7.07,0.4638474,0.5361492
7.071666666666666,0.4638474,0.5361492
7.073333333333333,0.4638474,0.5361492
7.075,0.4638474,0.5361492
7.076666666666667,0.4638474,0.5361492
7.078333333333333,0.4638474,0.5361492
7.08,0.4638474,0.5361492
7.081666666666667,0.4638474,0.5361492
7.083333333333333,0.4638474,0.5361492
7.085,0.4638474,0.5361492
7.086666666666667,0.4638474,0.5361492
7.088333333333333,0.4638474,0.5361492
7.09,0.4638474,0.5361492
7.091666666666667,0.4638474,0.5361492
7.093333333333334,0.4638474,0.5361492
7.095,0.4638474,0.5361492
7.096666666666667,0.4638474,0.5361492
7.098333333333334,0.4638474,0.5361492
7.1,0.4638474,0.5361492
7.101666666666667,0.4638474,0.5361492
7.1033333333333335,0.4638474,0.5361492
7.105,0.4638474,0.5361492
7.1066666666666665,0.4638474,0.5361492
7.108333333333333,0.4638474,0.5361492
7.11,0.4638474,0.5361492
7.111666666666666,0.4638474,0.5361492
7.113333333333333,0.4638474,0.5361492
7.115,0.4638474,0.5361492
7.116666666666666,0.4638474,0.5361492
7.118333333333333,0.4638474,0.5361492
7.12,0.4638474,0.5361492
7.121666666666667,0.4638474,0.5361492
7.123333333333333,0.4638474,0.5361492
7.125,0.4638474,0.5361492
7.126666666666667,0.4638474,0.5361492
7.128333333333333,0.4638474,0.5361492
7.13,0.4638474,0.5361492
7.131666666666667,0.4638474,0.5361492
7.133333333333334,0.4638474,0.5361492
7.135,0.4638474,0.5361492
7.136666666666667,0.4638474,0.5361492
7.138333333333334,0.4638474,0.5361492
7.14,0.4638474,0.5361492
7.141666666666667,0.4638474,0.5361492
7.1433333333333335,0.4638474,0.5361492
7.145,0.4638474,0.5361492
7.1466666666666665,0.4638474,0.5361492
7.148333333333333,0.4638474,0.5361492
7.15,0.4638474,0.5361492
7.151666666666666,0.4638474,0.5361492
7.153333333333333,0.4638474,0.5361492
7.155,0.4638474,0.5361492
7.156666666666666,0.4638474,0.5361492
7.158333333333333,0.4638474,0.5361492
7.16,0.4638474,0.5361492
7.161666666666667,0.4638474,0.5361492
7.163333333333333,0.4638474,0.5361492
7.165,0.4638474,0.5361492
7.166666666666667,0.4638474,0.5361492
7.168333333333333,0.4638474,0.5361492
7.17,0.4638474,0.5361492
7.171666666666667,0.4638474,0.5361492
7.173333333333333,0.4638474,0.5361492
7.175,0.4638474,0.5361492
7.176666666666667,0.4638474,0.5361492
7.178333333333334,0.4638474,0.5361492
7.18,0.4638474,0.5361492
7.181666666666667,0.4638478,0.5361492
7.183333333333334,0.4638478,0.5361492
7.185,0.4638478,0.5361492
7.1866666666666665,0.4638478,0.5361492
7.1883333333333335,0.4638478,0.5361492
7.19,0.4638478,0.5361492
7.191666666666666,0.4638478,0.5361492
7.193333333333333,0.4638478,0.5361492
7.195,0.4638478,0.5361492
7.196666666666666,0.4638478,0.5361492
7.198333333333333,0.4638478,0.5361492
7.2,0.4638478,0.5361492
7.201666666666667,0.4638478,0.5361492
7.203333333333333,0.4638478,0.5361492
7.205,0.4638478,0.5361492
7.206666666666667,0.4638478,0.5361492
7.208333333333333,0.4638478,0.5361492
7.21,0.4638478,0.5361492
7.211666666666667,0.4638478,0.5361492
7.213333333333333,0.4638478,0.5361492
7.215,0.4638478,0.5361492
7.216666666666667,0.4638478,0.5361492
7.218333333333334,0.4638478,0.5361492
7.22,0.4638478,0.5361492
7.221666666666667,0.4638478,0.5361492
7.223333333333334,0.4638478,0.5361492
7.225,0.4638478,0.5361492
7.226666666666667,0.4638478,0.5361492
7.2283333333333335,0.4638478,0.5361492
7.23,0.4638478,0.5361492
7.2316666666666665,0.4638478,0.5361492
7.233333333333333,0.4638478,0.5361492
7.235,0.4638478,0.5361492
7.236666666666666,0.4638478,0.5361492
7.238333333333333,0.4638478,0.5361492
7.24,0.4638478,0.5361492
7.241666666666666,0.4638478,0.5361492
7.243333333333333,0.4638478,0.5361492
7.245,0.4638478,0.5361492
7.246666666666667,0.4638478,0.5361492
7.248333333333333,0.4638478,0.5361492
7.25,0.4638478,0.5361492
7.251666666666667,0.4638478,0.5361492
7.253333333333333,0.4638478,0.5361492
7.255,0.4638478,0.5361492
7.256666666666667,0.4638478,0.5361492
7.258333333333334,0.4638478,0.5361492
7.26,0.4638478,0.5361492
7.261666666666667,0.4638478,0.5361492
7.263333333333334,0.4638478,0.5361492
7.265,0.4638478,0.5361492
7.266666666666667,0.4638482,0.5361492
7.2683333333333335,0.4638482,0.5361492
7.27,0.4638482,0.5361492
7.2716666666666665,0.4638482,0.5361492
7.273333333333333,0.4638482,0.5361492
7.275,0.4638482,0.5361492
7.276666666666666,0.4638482,0.5361492
7.278333333333333,0.4638482,0.5361492
7.28,0.4638482,0.5361492
7.281666666666666,0.4638482,0.5361492
7.283333333333333,0.4638482,0.5361492
7.285,0.4638482,0.5361492
7.286666666666667,0.4638482,0.5361492
7.288333333333333,0.4638482,0.5361492
7.29,0.4638482,0.5361492
7.291666666666667,0.4638482,0.5361496
7.293333333333333,0.4638482,0.5361496
7.295,0.4638482,0.5361496
7.296666666666667,0.4638482,0.5361496
7.298333333333333,0.4638482,0.5361496
7.3,0.4638482,0.5361496
7.301666666666667,0.4638482,0.5361496
7.303333333333334,0.4638482,0.5361496
7.305,0.4638482,0.5361496
7.306666666666667,0.4638482,0.5361496
7.308333333333334,0.4638482,0.5361496
7.31,0.4638482,0.5361496
7.3116666666666665,0.4638482,0.5361496
7.3133333333333335,0.4638482,0.5361496
7.315,0.4638482,0.5361496
7.316666666666666,0.4638482,0.5361496
7.318333333333333,0.4638482,0.5361496
7.32,0.4638482,0.5361496
7.321666666666666,0.4638482,0.5361496
7.323333333333333,0.4638482,0.5361496
7.325,0.4638482,0.5361496
7.326666666666667,0.4638482,0.5361496
7.328333333333333,0.4638482,0.5361496
7.33,0.4638482,0.5361496
7.331666666666667,0.4638482,0.5361496
7.333333333333333,0.4638482,0.5361496
7.335,0.4638482,0.5361496
7.336666666666667,0.4638482,0.5361496
7.338333333333333,0.4638482,0.5361496
7.34,0.4638482,0.5361496
7.341666666666667,0.4638482,0.5361496
7.343333333333334,0.4638482,0.5361496
7.345,0.4638482,0.5361496
7.346666666666667,0.4638482,0.5361496
7.348333333333334,0.4638482,0.5361496
7.35,0.4638482,0.5361496
7.351666666666667,0.4638482,0.5361496
7.3533333333333335,0.4638482,0.5361496
7.355,0.4638482,0.5361496
7.3566666666666665,0.4638482,0.5361496
7.358333333333333,0.4638482,0.5361496
7.36,0.4638482,0.5361496
7.361666666666666,0.4638482,0.5361496
7.363333333333333,0.4638482,0.5361496
7.365,0.4638482,0.5361496
7.366666666666666,0.4638482,0.5361496
7.368333333333333,0.4638482,0.5361496
7.37,0.4638482,0.5361496
7.371666666666667,0.4638482,0.5361496
7.373333333333333,0.4638482,0.5361496
7.375,0.4638482,0.5361496
7.376666666666667,0.4638482,0.5361496
7.378333333333333,0.4638482,0.5361496
7.38,0.4638482,0.5361496
7.381666666666667,0.4638482,0.5361496
7.383333333333334,0.4638482,0.5361496
7.385,0.4638482,0.5361496
7.386666666666667,0.4638482,0.5361496
7.388333333333334,0.4638482,0.5361496
7.39,0.4638482,0.5361496
7.391666666666667,0.4638486,0.5361496
7.3933333333333335,0.4638486,0.5361496
7.395,0.4638486,0.5361496
7.3966666666666665,0.4638486,0.5361496
7.398333333333333,0.4638486,0.5361496
7.4,0.4638486,0.5361496
7.401666666666666,0.4638486,0.5361496
7.403333333333333,0.4638486,0.5361496
7.405,0.4638486,0.5361496
7.406666666666666,0.4638486,0.5361496
7.408333333333333,0.4638486,0.5361496
7.41,0.4638486,0.5361496
7.411666666666667,0.4638486,0.5361496
7.413333333333333,0.4638486,0.5361496
7.415,0.4638486,0.5361496
7.416666666666667,0.4638486,0.5361496
7.418333333333333,0.4638486,0.5361496
7.42,0.4638486,0.5361496
7.421666666666667,0.4638486,0.5361496
7.423333333333333,0.4638486,0.5361496
7.425,0.4638486,0.5361496
7.426666666666667,0.4638486,0.5361496
7.428333333333334,0.4638486,0.5361496
7.43,0.4638486,0.5361496
7.431666666666667,0.4638486,0.5361496
7.433333333333334,0.4638486,0.5361496
7.435,0.4638486,0.5361496
7.4366666666666665,0.4638486,0.5361496
7.4383333333333335,0.4638486,0.5361496
7.44,0.4638486,0.5361496
7.441666666666666,0.4638486,0.5361496
7.443333333333333,0.4638486,0.5361496
7.445,0.4638486,0.5361496
7.446666666666666,0.4638486,0.5361496
7.448333333333333,0.4638486,0.5361496
7.45,0.4638486,0.5361496
7.451666666666667,0.4638486,0.5361496
7.453333333333333,0.4638486,0.5361496
7.455,0.4638486,0.5361496
7.456666666666667,0.4638486,0.5361496
7.458333333333333,0.4638486,0.5361496
7.46,0.4638486,0.5361496
7.461666666666667,0.4638486,0.5361496
7.463333333333333,0.4638486,0.5361496
7.465,0.4638486,0.5361496
7.466666666666667,0.4638486,0.5361496
7.468333333333334,0.4638486,0.5361496
7.47,0.4638486,0.5361496
7.471666666666667,0.4638486,0.5361496
7.473333333333334,0.4638486,0.5361496
7.475,0.4638486,0.5361496
7.476666666666667,0.4638486,0.5361496
7.4783333333333335,0.4638486,0.5361496
7.48,0.4638486,0.5361496
7.4816666666666665,0.4638486,0.5361496
7.483333333333333,0.4638486,0.5361496
7.485,0.4638486,0.5361496
7.486666666666666,0.4638486,0.5361496
7.488333333333333,0.4638486,0.5361496
7.49,0.4638486,0.5361496
7.491666666666666,0.4638486,0.5361496
7.493333333333333,0.4638486,0.5361496
7.495,0.4638486,0.5361496
7.496666666666667,0.4638486,0.5361496
7.498333333333333,0.4638486,0.5361496
7.5,0.4638486,0.5361496
7.501666666666667,0.4638486,0.5361496
7.503333333333333,0.4638486,0.5361496
7.505,0.4638486,0.5361496
7.506666666666667,0.4638486,0.5361496
7.508333333333334,0.4638486,0.5361496
7.51,0.4638486,0.5361496
7.511666666666667,0.4638486,0.5361496
7.513333333333334,0.4638486,0.5361496
7.515,0.4638486,0.5361496
7.516666666666667,0.4638486,0.5361496
7.5183333333333335,0.4638486,0.5361496
7.52,0.4638486,0.5361496
7.5216666666666665,0.4638486,0.5361496
7.523333333333333,0.4638486,0.5361496
7.525,0.4638486,0.5361496
7.526666666666666,0.4638486,0.5361496
7.528333333333333,0.4638486,0.5361496
7.53,0.4638486,0.5361496
7.531666666666666,0.4638486,0.5361496
7.533333333333333,0.4638486,0.5361496
7.535,0.4638486,0.5361496
7.536666666666667,0.4638486,0.5361496
7.538333333333333,0.4638486,0.5361496
7.54,0.4638486,0.5361496
7.541666666666667,0.4638486,0.5361496
7.543333333333333,0.4638486,0.5361496
7.545,0.4638486,0.5361496
7.546666666666667,0.4638486,0.5361496
7.548333333333333,0.4638486,0.5361496
7.55,0.4638486,0.5361496
7.551666666666667,0.4638486,0.5361496
7.553333333333334,0.4638486,0.5361496
7.555,0.4638486,0.5361496
7.556666666666667,0.4638486,0.5361496
7.558333333333334,0.4638486,0.5361496
7.56,0.4638486,0.5361496
7.5616666666666665,0.4638486,0.5361496
7.5633333333333335,0.4638486,0.5361496
7.565,0.4638486,0.5361496
7.566666666666666,0.4638486,0.5361496
7.568333333333333,0.4638486,0.5361496
7.57,0.4638486,0.5361496
7.571666666666666,0.4638486,0.5361496
7.573333333333333,0.4638486,0.5361496
7.575,0.4638486,0.5361496
7.576666666666667,0.4638486,0.5361496
7.578333333333333,0.4638486,0.5361496
7.58,0.4638486,0.5361496
7.581666666666667,0.4638486,0.5361496
7.583333333333333,0.4638486,0.5361496
7.585,0.4638486,0.5361496
7.586666666666667,0.4638486,0.5361496
7.588333333333333,0.4638486,0.5361496
7.59,0.4638486,0.5361496
7.591666666666667,0.4638486,0.5361496
7.593333333333334,0.4638486,0.5361496
7.595,0.4638486,0.5361496
7.596666666666667,0.4638486,0.5361496
7.598333333333334,0.4638486,0.5361496
7.6,0.4638486,0.5361496
7.601666666666667,0.4638486,0.5361496
7.6033333333333335,0.4638486,0.5361496
7.605,0.4638486,0.5361496
7.6066666666666665,0.4638486,0.5361496
7.608333333333333,0.463849,0.5361496
7.61,0.463849,0.5361496
7.611666666666666,0.463849,0.5361496
7.613333333333333,0.463849,0.5361496
7.615,0.463849,0.5361496
7.616666666666666,0.463849,0.5361496
7.618333333333333,0.463849,0.5361496
7.62,0.463849,0.5361496
7.621666666666667,0.463849,0.5361496
7.623333333333333,0.463849,0.5361496
7.625,0.463849,0.5361496
7.626666666666667,0.463849,0.5361496
7.628333333333333,0.463849,0.5361496
7.63,0.463849,0.5361496
7.631666666666667,0.463849,0.5361496
7.633333333333334,0.463849,0.5361496
7.635,0.463849,0.5361496
7.636666666666667,0.463849,0.5361496
7.638333333333334,0.463849,0.5361496
7.64,0.463849,0.5361496
7.641666666666667,0.463849,0.5361496
7.6433333333333335,0.463849,0.5361496
7.645,0.463849,0.5361496
7.6466666666666665,0.463849,0.5361496
7.648333333333333,0.463849,0.5361496
7.65,0.463849,0.5361496
7.651666666666666,0.463849,0.5361496
7.653333333333333,0.463849,0.5361496
7.655,0.463849,0.5361496
7.656666666666666,0.463849,0.5361496
7.658333333333333,0.463849,0.5361496
7.66,0.463849,0.5361496
7.661666666666667,0.463849,0.5361496
7.663333333333333,0.463849,0.5361496
7.665,0.463849,0.5361496
7.666666666666667,0.463849,0.5361496
7.668333333333333,0.463849,0.5361496
7.67,0.463849,0.5361496
7.671666666666667,0.463849,0.5361496
7.673333333333333,0.463849,0.5361496
7.675,0.463849,0.5361496
7.676666666666667,0.463849,0.5361496
7.678333333333334,0.463849,0.5361496
7.68,0.463849,0.5361496
7.681666666666667,0.463849,0.5361496
7.683333333333334,0.463849,0.5361496
7.685,0.463849,0.5361496
7.6866666666666665,0.463849,0.5361496
7.6883333333333335,0.463849,0.5361496
7.69,0.463849,0.5361496
7.691666666666666,0.463849,0.5361496
7.693333333333333,0.463849,0.5361496
7.695,0.463849,0.5361496
7.696666666666666,0.463849,0.5361496
7.698333333333333,0.463849,0.5361496
7.7,0.463849,0.5361496
7.701666666666667,0.463849,0.5361496
7.703333333333333,0.463849,0.5361496
7.705,0.463849,0.5361496
7.706666666666667,0.463849,0.5361496
7.708333333333333,0.463849,0.5361496
7.71,0.463849,0.5361496
7.711666666666667,0.463849,0.5361496
7.713333333333333,0.463849,0.5361496
7.715,0.463849,0.5361496
7.716666666666667,0.463849,0.5361496
7.718333333333334,0.463849,0.5361496
7.72,0.463849,0.5361496
7.721666666666667,0.463849,0.5361496
7.723333333333334,0.463849,0.5361496
7.725,0.463849,0.5361496
7.726666666666667,0.463849,0.5361496
7.7283333333333335,0.463849,0.5361496
7.73,0.463849,0.5361496
7.7316666666666665,0.463849,0.5361496
7.733333333333333,0.463849,0.5361496
7.735,0.463849,0.5361496
7.736666666666666,0.463849,0.5361496
7.738333333333333,0.463849,0.5361496
7.74,0.463849,0.5361496
7.741666666666666,0.463849,0.5361496
7.743333333333333,0.463849,0.5361496
7.745,0.463849,0.5361496
7.746666666666667,0.463849,0.5361496
7.748333333333333,0.463849,0.5361496
7.75,0.463849,0.5361496
7.751666666666667,0.463849,0.5361496
7.753333333333333,0.463849,0.5361496
7.755,0.463849,0.5361496
7.756666666666667,0.4638494,0.5361496
7.758333333333334,0.4638494,0.5361496
7.76,0.4638494,0.5361496
7.761666666666667,0.4638494,0.5361496
7.763333333333334,0.4638494,0.5361496
7.765,0.4638494,0.5361496
7.766666666666667,0.4638494,0.5361496
7.7683333333333335,0.4638494,0.5361496
7.77,0.4638494,0.5361496
7.7716666666666665,0.4638494,0.5361496
7.773333333333333,0.4638494,0.5361496
7.775,0.4638494,0.5361496
7.776666666666666,0.4638494,0.5361496
7.778333333333333,0.4638494,0.5361496
7.78,0.4638494,0.5361496
7.781666666666666,0.4638494,0.5361496
7.783333333333333,0.4638494,0.5361496
7.785,0.4638494,0.5361496
7.786666666666667,0.4638494,0.5361496
7.788333333333333,0.4638494,0.5361496
7.79,0.4638494,0.5361496
7.791666666666667,0.4638494,0.5361496
7.793333333333333,0.4638494,0.5361496
7.795,0.4638494,0.5361496
7.796666666666667,0.4638494,0.5361496
7.798333333333333,0.4638494,0.5361496
7.8,0.4638494,0.5361496
7.801666666666667,0.4638494,0.5361496
7.803333333333334,0.4638494,0.5361496
7.805,0.4638494,0.5361496
7.806666666666667,0.4638494,0.5361496
7.808333333333334,0.4638494,0.5361496
7.81,0.4638494,0.5361496
7.8116666666666665,0.4638494,0.5361496
7.8133333333333335,0.4638494,0.5361496
7.815,0.4638494,0.5361496
7.816666666666666,0.4638494,0.5361496
7.818333333333333,0.4638494,0.5361496
7.82,0.4638494,0.5361496
7.821666666666666,0.4638494,0.5361496
7.823333333333333,0.4638494,0.5361496
7.825,0.4638494,0.5361496
7.826666666666667,0.4638494,0.5361496
7.828333333333333,0.4638494,0.5361496
7.83,0.4638494,0.5361496
7.831666666666667,0.4638494,0.5361496
7.833333333333333,0.4638494,0.5361496
7.835,0.4638494,0.5361496
7.836666666666667,0.4638494,0.5361496
7.838333333333333,0.4638494,0.5361496
7.84,0.4638494,0.5361496
7.841666666666667,0.4638494,0.5361496
7.843333333333334,0.4638494,0.5361496
7.845,0.4638494,0.5361496
7.846666666666667,0.4638494,0.5361496
7.848333333333334,0.4638494,0.5361496
7.85,0.4638494,0.5361496
7.851666666666667,0.4638494,0.5361496
7.8533333333333335,0.4638494,0.5361496
7.855,0.4638494,0.5361496
7.8566666666666665,0.4638494,0.5361496
7.858333333333333,0.4638494,0.5361496
7.86,0.4638494,0.5361496
7.861666666666666,0.4638494,0.5361496
7.863333333333333,0.4638494,0.5361496
7.865,0.4638494,0.5361496
7.866666666666666,0.4638494,0.5361496
7.868333333333333,0.4638494,0.5361496
7.87,0.4638494,0.5361496
7.871666666666667,0.4638494,0.5361496
7.873333333333333,0.4638494,0.5361496
7.875,0.4638494,0.5361496
7.876666666666667,0.4638494,0.5361496
7.878333333333333,0.4638494,0.5361496
7.88,0.4638494,0.5361496
7.881666666666667,0.4638494,0.5361496
7.883333333333334,0.4638494,0.5361496
7.885,0.4638494,0.5361496
7.886666666666667,0.4638494,0.5361496
7.888333333333334,0.4638494,0.5361496
7.89,0.4638494,0.5361496
7.891666666666667,0.4638494,0.5361496
7.8933333333333335,0.4638494,0.5361496
7.895,0.4638494,0.5361496
7.8966666666666665,0.4638494,0.5361496
7.898333333333333,0.4638494,0.5361496
7.9,0.4638494,0.5361496
7.901666666666666,0.4638494,0.5361496
7.903333333333333,0.4638494,0.5361496
7.905,0.4638494,0.5361496
7.906666666666666,0.4638494,0.5361496
7.908333333333333,0.4638494,0.5361496
7.91,0.4638494,0.5361496
7.911666666666667,0.4638494,0.5361496
7.913333333333333,0.4638494,0.5361496
7.915,0.4638494,0.5361496
7.916666666666667,0.4638494,0.5361496
7.918333333333333,0.4638494,0.5361496
7.92,0.4638494,0.5361496
7.921666666666667,0.4638494,0.5361496
7.923333333333333,0.4638494,0.5361496
7.925,0.4638494,0.5361496
7.926666666666667,0.4638494,0.5361496
7.928333333333334,0.4638494,0.5361496
7.93,0.4638494,0.5361496
7.931666666666667,0.4638494,0.5361496
7.933333333333334,0.4638494,0.5361496
7.935,0.4638494,0.5361496
7.9366666666666665,0.4638494,0.5361496
7.9383333333333335,0.4638494,0.5361496
7.94,0.4638494,0.5361496
7.941666666666666,0.4638494,0.5361496
7.943333333333333,0.4638494,0.5361496
7.945,0.4638494,0.5361496
7.946666666666666,0.4638494,0.5361496
7.948333333333333,0.4638494,0.5361496
7.95,0.4638494,0.5361496
7.951666666666667,0.4638494,0.5361496
7.953333333333333,0.4638494,0.5361496
7.955,0.4638494,0.5361496
7.956666666666667,0.4638494,0.5361496
7.958333333333333,0.4638494,0.5361496
7.96,0.4638494,0.5361496
7.961666666666667,0.4638494,0.5361496
7.963333333333333,0.4638494,0.5361496
7.965,0.4638494,0.5361496
7.966666666666667,0.4638494,0.5361496
7.968333333333334,0.4638494,0.5361496
7.97,0.4638494,0.5361496
7.971666666666667,0.4638494,0.5361496
7.973333333333334,0.4638494,0.5361496
7.975,0.4638494,0.5361496
7.976666666666667,0.4638494,0.5361496
7.9783333333333335,0.4638494,0.5361496
7.98,0.4638494,0.5361496
7.9816666666666665,0.4638494,0.5361496
7.983333333333333,0.4638494,0.5361496
7.985,0.4638494,0.5361496
7.986666666666666,0.4638494,0.5361496
7.988333333333333,0.4638494,0.5361496
7.99,0.4638494,0.5361496
7.991666666666666,0.4638494,0.5361496
7.993333333333333,0.4638494,0.5361496
7.995,0.4638494,0.5361496
7.996666666666667,0.4638494,0.5361496
7.998333333333333,0.4638494,0.5361496
8.0,0.4638494,0.5361496
8.001666666666667,0.4638494,0.5361496
8.003333333333334,0.4638494,0.5361496
8.005,0.4638494,0.5361496
8.006666666666666,0.4638494,0.5361496
8.008333333333333,0.4638494,0.5361496
8.01,0.4638494,0.5361496
8.011666666666667,0.4638494,0.5361496
8.013333333333334,0.4638494,0.5361496
8.015,0.4638494,0.5361496
8.016666666666667,0.4638494,0.5361496
8.018333333333333,0.4638494,0.5361496
8.02,0.4638494,0.5361496
8.021666666666667,0.4638494,0.5361496
8.023333333333333,0.4638494,0.5361496
8.025,0.4638494,0.5361496
8.026666666666667,0.4638494,0.5361496
8.028333333333334,0.4638494,0.5361496
8.03,0.4638494,0.5361496
8.031666666666666,0.4638494,0.5361496
8.033333333333333,0.4638494,0.5361496
8.035,0.4638494,0.5361496
8.036666666666667,0.4638494,0.5361496
8.038333333333334,0.4638494,0.5361496
8.04,0.4638494,0.5361496
8.041666666666666,0.4638494,0.5361496
8.043333333333333,0.4638494,0.5361496
8.045,0.4638494,0.5361496
8.046666666666667,0.4638494,0.5361496
8.048333333333334,0.4638494,0.5361496
8.05,0.4638494,0.5361496
8.051666666666666,0.4638494,0.5361496
8.053333333333333,0.4638494,0.5361496
8.055,0.4638494,0.5361496
8.056666666666667,0.4638494,0.5361496
8.058333333333334,0.4638494,0.5361496
8.06,0.4638494,0.5361496
8.061666666666667,0.4638494,0.5361496
8.063333333333333,0.4638494,0.5361496
8.065,0.4638494,0.5361496
8.066666666666666,0.4638494,0.5361496
8.068333333333333,0.4638494,0.5361496
8.07,0.4638494,0.5361496
8.071666666666667,0.4638494,0.5361496
8.073333333333334,0.4638494,0.5361496
8.075,0.4638494,0.5361496
8.076666666666666,0.4638494,0.5361496
8.078333333333333,0.4638494,0.5361496
8.08,0.4638494,0.5361496
8.081666666666667,0.4638494,0.5361496
8.083333333333334,0.4638494,0.5361496
8.085,0.4638494,0.5361496
8.086666666666666,0.4638494,0.5361496
8.088333333333333,0.4638494,0.5361496
8.09,0.4638494,0.5361496
8.091666666666667,0.4638494,0.5361496
8.093333333333334,0.4638494,0.5361496
8.095,0.4638494,0.5361496
8.096666666666666,0.4638494,0.5361496
8.098333333333333,0.4638494,0.5361496
8.1,0.4638494,0.5361496
8.101666666666667,0.4638494,0.5361496
8.103333333333333,0.4638494,0.5361496
8.105,0.4638494,0.5361496
8.106666666666667,0.4638494,0.5361496
8.108333333333333,0.4638494,0.5361496
8.11,0.4638494,0.5361496
8.111666666666666,0.4638494,0.5361496
8.113333333333333,0.4638494,0.5361496
8.115,0.4638494,0.5361496
8.116666666666667,0.4638494,0.5361496
8.118333333333334,0.4638494,0.5361496
8.12,0.4638494,0.5361496
8.121666666666666,0.4638494,0.5361496
8.123333333333333,0.4638494,0.5361496
8.125,0.4638494,0.5361496
8.126666666666667,0.4638494,0.5361496
8.128333333333334,0.4638494,0.5361496
8.13,0.4638494,0.5361496
8.131666666666666,0.4638494,0.5361496
8.133333333333333,0.4638494,0.5361496
8.135,0.4638494,0.5361496
8.136666666666667,0.4638494,0.5361496
8.138333333333334,0.4638494,0.5361496
8.14,0.4638494,0.5361496
8.141666666666667,0.4638494,0.5361496
8.143333333333333,0.4638494,0.5361496
8.145,0.4638494,0.5361496
8.146666666666667,0.4638494,0.5361496
8.148333333333333,0.4638494,0.5361496
8.15,0.4638494,0.5361496
8.151666666666667,0.4638494,0.5361496
8.153333333333334,0.4638494,0.5361496
8.155,0.4638494,0.5361496
8.156666666666666,0.4638494,0.5361496
8.158333333333333,0.4638494,0.5361496
8.16,0.4638494,0.5361496
8.161666666666667,0.4638494,0.5361496
8.163333333333334,0.4638494,0.5361496
8.165,0.4638494,0.5361496
8.166666666666666,0.4638494,0.5361496
8.168333333333333,0.4638494,0.5361496
8.17,0.4638494,0.5361496
8.171666666666667,0.4638494,0.5361496
8.173333333333334,0.4638494,0.5361496
8.175,0.4638494,0.5361496
8.176666666666666,0.4638494,0.5361496
8.178333333333333,0.4638494,0.5361496
8.18,0.4638494,0.5361496
8.181666666666667,0.4638494,0.5361496
8.183333333333334,0.4638494,0.5361496
8.185,0.4638494,0.5361496
8.186666666666667,0.4638494,0.5361496
8.188333333333333,0.4638494,0.5361496
8.19,0.4638494,0.5361496
8.191666666666666,0.4638494,0.5361496
8.193333333333333,0.4638494,0.5361496
8.195,0.4638494,0.5361496
8.196666666666667,0.4638494,0.5361496
8.198333333333334,0.4638494,0.5361496
8.2,0.4638494,0.5361496
8.201666666666666,0.4638494,0.5361496
8.203333333333333,0.4638494,0.5361496
8.205,0.4638494,0.5361496
8.206666666666667,0.4638494,0.5361496
8.208333333333334,0.4638494,0.5361496
8.21,0.4638494,0.5361496
8.211666666666666,0.4638494,0.5361496
8.213333333333333,0.4638494,0.5361496
8.215,0.4638494,0.5361496
8.216666666666667,0.4638494,0.5361496
8.218333333333334,0.4638494,0.5361496
8.22,0.4638494,0.5361496
8.221666666666666,0.4638494,0.5361496
8.223333333333333,0.4638494,0.5361496
8.225,0.4638494,0.5361496
8.226666666666667,0.4638496,0.5361496
8.228333333333333,0.4638496,0.5361496
8.23,0.4638496,0.5361496
8.231666666666667,0.4638496,0.5361496
8.233333333333333,0.4638496,0.5361496
8.235,0.4638496,0.5361496
8.236666666666666,0.4638496,0.5361496
8.238333333333333,0.4638496,0.5361496
8.24,0.4638496,0.5361496
8.241666666666667,0.4638496,0.5361496
8.243333333333334,0.4638496,0.5361496
8.245,0.4638496,0.5361496
8.246666666666666,0.4638496,0.5361496
8.248333333333333,0.4638496,0.5361496
8.25,0.4638496,0.5361496
8.251666666666667,0.4638496,0.5361496
8.253333333333334,0.4638496,0.5361496
8.255,0.4638496,0.5361496
8.256666666666666,0.4638496,0.5361496
8.258333333333333,0.4638496,0.5361496
8.26,0.4638496,0.5361496
8.261666666666667,0.4638496,0.5361496
8.263333333333334,0.4638496,0.5361496
8.265,0.4638496,0.5361496
8.266666666666667,0.4638496,0.5361496
8.268333333333333,0.4638496,0.5361496
8.27,0.4638496,0.5361496
8.271666666666667,0.4638496,0.5361496
8.273333333333333,0.4638496,0.5361496
8.275,0.4638496,0.5361496
8.276666666666667,0.4638496,0.5361496
8.278333333333334,0.4638496,0.5361496
8.28,0.4638496,0.5361496
8.281666666666666,0.4638496,0.5361496
8.283333333333333,0.4638496,0.5361496
8.285,0.4638496,0.5361496
8.286666666666667,0.4638496,0.5361496
8.288333333333334,0.4638496,0.5361496
8.29,0.4638496,0.5361496
8.291666666666666,0.4638496,0.5361496
8.293333333333333,0.4638496,0.5361496
8.295,0.4638496,0.5361496
8.296666666666667,0.4638496,0.5361496
8.298333333333334,0.4638496,0.5361496
8.3,0.4638496,0.5361496
8.301666666666666,0.4638496,0.5361496
8.303333333333333,0.4638496,0.5361496
8.305,0.4638496,0.5361496
8.306666666666667,0.4638496,0.5361496
8.308333333333334,0.4638496,0.5361496
8.31,0.4638496,0.5361496
8.311666666666667,0.4638496,0.5361496
8.313333333333333,0.4638496,0.5361496
8.315,0.4638496,0.5361496
8.316666666666666,0.4638496,0.5361496
8.318333333333333,0.4638496,0.5361496
8.32,0.4638496,0.5361496
8.321666666666667,0.4638496,0.5361496
8.323333333333334,0.4638496,0.5361496
8.325,0.4638496,0.5361496
8.326666666666666,0.4638496,0.5361496
8.328333333333333,0.4638496,0.5361496
8.33,0.4638496,0.5361496
8.331666666666667,0.4638496,0.5361496
8.333333333333334,0.4638496,0.5361496
8.335,0.4638496,0.5361496
8.336666666666666,0.4638496,0.5361496
8.338333333333333,0.4638496,0.5361496
8.34,0.4638496,0.5361496
8.341666666666667,0.4638496,0.5361496
8.343333333333334,0.4638496,0.5361496
8.345,0.4638496,0.5361496
8.346666666666666,0.4638496,0.5361496
8.348333333333333,0.4638496,0.5361496
8.35,0.4638496,0.5361496
8.351666666666667,0.4638496,0.5361496
8.353333333333333,0.4638496,0.5361496
8.355,0.4638496,0.5361496
8.356666666666667,0.4638496,0.5361496
8.358333333333333,0.4638496,0.5361496
8.36,0.4638496,0.5361496
8.361666666666666,0.4638496,0.5361496
8.363333333333333,0.4638496,0.5361496
8.365,0.4638502,0.5361496
8.366666666666667,0.4638502,0.5361496
8.368333333333334,0.4638502,0.5361496
8.37,0.4638502,0.5361496
8.371666666666666,0.4638502,0.5361496
8.373333333333333,0.4638502,0.5361496
8.375,0.4638502,0.5361496
8.376666666666667,0.4638502,0.5361496
8.378333333333334,0.4638502,0.5361496
8.38,0.4638502,0.5361496
8.381666666666666,0.4638502,0.5361496
8.383333333333333,0.4638502,0.5361496
8.385,0.4638502,0.5361496
8.386666666666667,0.4638502,0.5361496
8.388333333333334,0.4638502,0.5361496
8.39,0.4638502,0.5361496
8.391666666666667,0.4638502,0.5361496
8.393333333333333,0.4638502,0.5361496
8.395,0.4638502,0.5361496
8.396666666666667,0.4638502,0.5361496
8.398333333333333,0.4638502,0.5361496
8.4,0.4638502,0.5361496
8.401666666666667,0.4638502,0.5361496
8.403333333333334,0.4638502,0.5361496
8.405,0.4638502,0.5361496
8.406666666666666,0.4638502,0.5361496
8.408333333333333,0.4638502,0.5361496
8.41,0.4638502,0.5361496
8.411666666666667,0.4638502,0.5361496
8.413333333333334,0.4638502,0.5361496
8.415,0.4638502,0.5361496
8.416666666666666,0.4638502,0.5361496
8.418333333333333,0.4638502,0.5361496
8.42,0.4638502,0.5361496
8.421666666666667,0.4638502,0.5361496
8.423333333333334,0.4638502,0.5361496
8.425,0.4638502,0.5361496
8.426666666666666,0.4638502,0.5361496
8.428333333333333,0.4638502,0.5361496
8.43,0.4638502,0.5361496
8.431666666666667,0.4638502,0.5361496
8.433333333333334,0.4638502,0.5361496
8.435,0.4638502,0.5361496
8.436666666666667,0.4638502,0.5361496
8.438333333333333,0.4638502,0.5361496
8.44,0.4638502,0.5361496
8.441666666666666,0.4638502,0.5361496
8.443333333333333,0.4638502,0.5361496
8.445,0.4638502,0.5361496
8.446666666666667,0.4638502,0.5361496
8.448333333333334,0.4638502,0.5361496
8.45,0.4638502,0.5361496
8.451666666666666,0.4638502,0.5361496
8.453333333333333,0.4638502,0.5361496
8.455,0.4638502,0.5361496
8.456666666666667,0.4638502,0.5361496
8.458333333333334,0.4638502,0.5361496
8.46,0.4638502,0.5361496
8.461666666666666,0.4638502,0.5361496
8.463333333333333,0.4638502,0.5361496
8.465,0.4638502,0.5361496
8.466666666666667,0.4638502,0.5361496
8.468333333333334,0.4638502,0.5361496
8.47,0.4638502,0.5361496
8.471666666666666,0.4638502,0.5361496
8.473333333333333,0.4638502,0.5361496
8.475,0.4638502,0.5361496
8.476666666666667,0.4638502,0.5361496
8.478333333333333,0.4638502,0.5361496
8.48,0.4638502,0.5361496
8.481666666666667,0.4638502,0.5361496
8.483333333333333,0.4638502,0.5361496
8.485,0.4638502,0.5361496
8.486666666666666,0.4638502,0.5361496
8.488333333333333,0.4638502,0.5361496
8.49,0.4638502,0.5361496
8.491666666666667,0.4638502,0.5361496
8.493333333333334,0.4638502,0.5361496
8.495,0.4638502,0.5361496
8.496666666666666,0.4638502,0.5361496
8.498333333333333,0.4638502,0.5361496
8.5,0.4638502,0.5361496
8.501666666666667,0.4638502,0.5361496
8.503333333333334,0.4638502,0.5361496
8.505,0.4638502,0.5361496
8.506666666666666,0.4638502,0.5361496
8.508333333333333,0.4638502,0.5361496
8.51,0.4638502,0.5361496
8.511666666666667,0.4638502,0.5361496
8.513333333333334,0.4638502,0.5361496
8.515,0.4638502,0.5361496
8.516666666666667,0.4638502,0.5361496
8.518333333333333,0.4638502,0.5361496
8.52,0.4638502,0.5361496
8.521666666666667,0.4638502,0.5361496
8.523333333333333,0.4638502,0.5361496
8.525,0.4638502,0.5361496
8.526666666666667,0.4638502,0.5361496
8.528333333333334,0.4638502,0.5361496
8.53,0.4638502,0.5361496
8.531666666666666,0.4638502,0.5361496
8.533333333333333,0.4638502,0.5361496
8.535,0.4638502,0.5361496
8.536666666666667,0.4638502,0.5361496
8.538333333333334,0.4638502,0.5361496
8.54,0.4638502,0.5361496
8.541666666666666,0.4638502,0.5361496
8.543333333333333,0.4638502,0.5361496
8.545,0.4638502,0.5361496
8.546666666666667,0.4638502,0.5361496
8.548333333333334,0.4638502,0.5361496
8.55,0.4638502,0.5361496
8.551666666666666,0.4638502,0.5361496
8.553333333333333,0.4638502,0.5361496
8.555,0.4638502,0.5361496
8.556666666666667,0.4638502,0.5361496
8.558333333333334,0.4638502,0.5361496
8.56,0.4638502,0.5361496
8.561666666666667,0.4638502,0.5361496
8.563333333333333,0.4638502,0.5361496
8.565,0.4638502,0.5361496
8.566666666666666,0.4638502,0.5361496
8.568333333333333,0.4638502,0.5361496
8.57,0.4638502,0.5361496
8.571666666666667,0.4638502,0.5361496
8.573333333333334,0.4638502,0.5361496
8.575,0.4638502,0.5361496
8.576666666666666,0.4638502,0.5361496
8.578333333333333,0.4638502,0.5361496
8.58,0.4638502,0.5361496
8.581666666666667,0.4638502,0.5361496
8.583333333333334,0.4638502,0.5361496
8.585,0.4638502,0.5361496
8.586666666666666,0.4638502,0.5361496
8.588333333333333,0.4638502,0.5361496
8.59,0.4638502,0.5361496
8.591666666666667,0.4638502,0.5361496
8.593333333333334,0.4638502,0.5361496
8.595,0.4638502,0.5361496
8.596666666666666,0.4638502,0.5361496
8.598333333333333,0.4638502,0.5361496
8.6,0.4638502,0.5361496
8.601666666666667,0.4638502,0.5361496
8.603333333333333,0.4638502,0.5361496
8.605,0.4638502,0.5361496
8.606666666666667,0.4638502,0.5361496
8.608333333333333,0.4638502,0.5361496
8.61,0.4638502,0.5361496
8.611666666666666,0.4638502,0.5361496
8.613333333333333,0.4638502,0.5361496
8.615,0.4638502,0.5361496
8.616666666666667,0.4638502,0.5361496
8.618333333333334,0.4638502,0.5361496
8.62,0.4638502,0.5361496
8.621666666666666,0.4638502,0.5361496
8.623333333333333,0.4638502,0.5361496
8.625,0.4638502,0.5361496
8.626666666666667,0.4638502,0.5361496
8.628333333333334,0.4638502,0.5361496
8.63,0.4638502,0.5361496
8.631666666666666,0.4638502,0.5361496
8.633333333333333,0.4638502,0.5361496
8.635,0.4638502,0.5361496
8.636666666666667,0.4638502,0.5361496
8.638333333333334,0.4638502,0.5361496
8.64,0.4638502,0.5361496
8.641666666666667,0.4638502,0.5361496
8.643333333333333,0.4638502,0.5361496
8.645,0.4638502,0.5361496
8.646666666666667,0.4638502,0.5361496
8.648333333333333,0.4638502,0.5361496
8.65,0.4638502,0.5361496
8.651666666666667,0.4638502,0.5361496
8.653333333333334,0.4638502,0.5361496
8.655,0.4638502,0.5361496
8.656666666666666,0.4638502,0.5361496
8.658333333333333,0.4638502,0.5361496
8.66,0.4638502,0.5361496
8.661666666666667,0.4638502,0.5361496
8.663333333333334,0.4638502,0.5361496
8.665,0.4638502,0.5361496
8.666666666666666,0.4638502,0.5361496
8.668333333333333,0.4638502,0.5361496
8.67,0.4638502,0.5361496
8.671666666666667,0.4638502,0.5361496
8.673333333333334,0.4638502,0.5361496
8.675,0.4638502,0.5361496
8.676666666666666,0.4638502,0.5361496
8.678333333333333,0.4638502,0.5361496
8.68,0.4638502,0.5361496
8.681666666666667,0.4638502,0.5361496
8.683333333333334,0.4638502,0.5361496
8.685,0.4638502,0.5361496
8.686666666666667,0.4638502,0.5361496
8.688333333333333,0.4638502,0.5361496
8.69,0.4638502,0.5361496
8.691666666666666,0.4638502,0.5361496
8.693333333333333,0.4638502,0.5361496
8.695,0.4638502,0.5361496
8.696666666666667,0.4638502,0.5361496
8.698333333333334,0.4638502,0.5361496
8.7,0.4638502,0.5361496
8.701666666666666,0.4638502,0.5361496
8.703333333333333,0.4638502,0.5361496
8.705,0.4638502,0.5361496
8.706666666666667,0.4638502,0.5361496
8.708333333333334,0.4638502,0.5361496
8.71,0.4638502,0.5361496
8.711666666666666,0.4638502,0.5361496
8.713333333333333,0.4638502,0.5361496
8.715,0.4638502,0.5361496
8.716666666666667,0.4638502,0.5361496
8.718333333333334,0.4638502,0.5361496
8.72,0.4638502,0.5361496
8.721666666666666,0.4638502,0.5361496
8.723333333333333,0.4638502,0.5361496
8.725,0.4638502,0.5361496
8.726666666666667,0.4638502,0.5361496
8.728333333333333,0.4638502,0.5361496
8.73,0.4638502,0.5361496
8.731666666666667,0.4638502,0.5361496
8.733333333333333,0.4638502,0.5361496
8.735,0.4638502,0.5361496
8.736666666666666,0.4638502,0.5361496
8.738333333333333,0.4638502,0.5361496
8.74,0.4638502,0.5361496
8.741666666666667,0.4638502,0.5361496
8.743333333333334,0.4638502,0.5361496
8.745,0.4638502,0.5361496
8.746666666666666,0.4638502,0.5361496
8.748333333333333,0.4638502,0.5361496
8.75,0.4638502,0.5361496
8.751666666666667,0.4638502,0.5361496
8.753333333333334,0.4638502,0.5361496
8.755,0.4638502,0.5361496
8.756666666666666,0.4638502,0.5361496
8.758333333333333,0.4638502,0.5361496
8.76,0.4638502,0.5361496
8.761666666666667,0.4638502,0.5361496
8.763333333333334,0.4638502,0.5361496
8.765,0.4638502,0.5361496
8.766666666666667,0.4638502,0.5361496
8.768333333333333,0.4638502,0.5361496
8.77,0.4638502,0.5361496
8.771666666666667,0.4638502,0.5361496
8.773333333333333,0.4638502,0.5361496
8.775,0.4638502,0.5361496
8.776666666666667,0.4638502,0.5361496
8.778333333333334,0.4638502,0.5361496
8.78,0.4638502,0.5361496
8.781666666666666,0.4638502,0.5361496
8.783333333333333,0.4638502,0.5361496
8.785,0.4638502,0.5361496
8.786666666666667,0.4638502,0.5361496
8.788333333333334,0.4638502,0.5361496
8.79,0.4638502,0.5361496
8.791666666666666,0.4638502,0.5361496
8.793333333333333,0.4638502,0.5361496
8.795,0.4638502,0.5361496
8.796666666666667,0.4638502,0.5361496
8.798333333333334,0.4638502,0.5361496
8.8,0.4638502,0.5361496
8.801666666666666,0.4638502,0.5361496
8.803333333333333,0.4638502,0.5361496
8.805,0.4638502,0.5361496
8.806666666666667,0.4638502,0.5361496
8.808333333333334,0.4638502,0.5361496
8.81,0.4638502,0.5361496
8.811666666666667,0.4638502,0.5361496
8.813333333333333,0.4638502,0.5361496
8.815,0.4638502,0.5361496
8.816666666666666,0.4638502,0.5361496
8.818333333333333,0.4638502,0.5361496
8.82,0.4638502,0.5361496
8.821666666666667,0.4638502,0.5361496
8.823333333333334,0.4638502,0.5361496
8.825,0.4638502,0.5361496
8.826666666666666,0.4638502,0.5361496
8.828333333333333,0.4638502,0.5361496
8.83,0.4638502,0.5361496
8.831666666666667,0.4638502,0.5361496
8.833333333333334,0.4638502,0.5361496
8.835,0.4638502,0.5361496
8.836666666666666,0.4638502,0.5361496
8.838333333333333,0.4638502,0.5361496
8.84,0.4638502,0.5361496
8.841666666666667,0.4638502,0.5361496
8.843333333333334,0.4638502,0.5361496
8.845,0.4638502,0.5361496
8.846666666666666,0.4638502,0.5361496
8.848333333333333,0.4638502,0.5361496
8.85,0.4638502,0.5361496
8.851666666666667,0.4638502,0.5361496
8.853333333333333,0.4638502,0.5361496
8.855,0.4638502,0.5361496
8.856666666666667,0.4638502,0.5361496
8.858333333333333,0.4638502,0.5361496
8.86,0.4638502,0.5361496
8.861666666666666,0.4638502,0.5361496
8.863333333333333,0.4638502,0.5361496
8.865,0.4638502,0.5361496
8.866666666666667,0.4638502,0.5361496
8.868333333333334,0.4638502,0.5361496
8.87,0.4638502,0.5361496
8.871666666666666,0.4638502,0.5361496
8.873333333333333,0.4638502,0.5361496
8.875,0.4638502,0.5361496
8.876666666666667,0.4638502,0.5361496
8.878333333333334,0.4638502,0.5361496
8.88,0.4638502,0.5361496
8.881666666666666,0.4638502,0.5361496
8.883333333333333,0.4638502,0.5361496
8.885,0.4638502,0.5361496
8.886666666666667,0.4638502,0.5361496
8.888333333333334,0.4638502,0.5361496
8.89,0.4638502,0.5361496
8.891666666666667,0.4638502,0.5361496
8.893333333333333,0.4638502,0.5361496
8.895,0.4638502,0.5361496
8.896666666666667,0.4638502,0.5361496
8.898333333333333,0.4638502,0.5361496
8.9,0.4638502,0.5361496
8.901666666666667,0.4638502,0.5361496
8.903333333333334,0.4638502,0.5361496
8.905,0.4638502,0.5361496
8.906666666666666,0.4638502,0.5361496
8.908333333333333,0.4638502,0.5361496
8.91,0.4638502,0.5361496
8.911666666666667,0.4638502,0.5361496
8.913333333333334,0.4638502,0.5361496
8.915,0.4638502,0.5361496
8.916666666666666,0.4638502,0.5361496
8.918333333333333,0.4638502,0.5361496
8.92,0.4638502,0.5361496
8.921666666666667,0.4638502,0.5361496
8.923333333333334,0.4638502,0.5361496
8.925,0.4638502,0.5361496
8.926666666666666,0.4638502,0.5361496
8.928333333333333,0.4638502,0.5361496
8.93,0.4638502,0.5361496
8.931666666666667,0.4638502,0.5361496
8.933333333333334,0.4638502,0.5361496
8.935,0.4638502,0.5361496
8.936666666666667,0.4638502,0.5361496
8.938333333333333,0.4638502,0.5361496
8.94,0.4638502,0.5361496
8.941666666666666,0.4638502,0.5361496
8.943333333333333,0.4638502,0.5361496
8.945,0.4638502,0.5361496
8.946666666666667,0.4638502,0.5361496
8.948333333333334,0.4638502,0.5361496
8.95,0.4638502,0.5361496
8.951666666666666,0.4638502,0.5361496
8.953333333333333,0.4638502,0.5361496
8.955,0.4638502,0.5361496
8.956666666666667,0.4638502,0.5361496
8.958333333333334,0.4638502,0.5361496
8.96,0.4638502,0.5361496
8.961666666666666,0.4638502,0.5361496
8.963333333333333,0.4638502,0.5361496
8.965,0.4638502,0.5361496
8.966666666666667,0.4638502,0.5361496
8.968333333333334,0.4638502,0.5361496
8.97,0.4638502,0.5361496
8.971666666666666,0.4638502,0.5361496
8.973333333333333,0.4638502,0.5361496
8.975,0.4638502,0.5361496
8.976666666666667,0.4638502,0.5361496
8.978333333333333,0.4638502,0.5361496
8.98,0.4638502,0.5361496
8.981666666666667,0.4638502,0.5361496
8.983333333333333,0.4638502,0.5361496
8.985,0.4638502,0.5361496
8.986666666666666,0.4638502,0.5361496
8.988333333333333,0.4638502,0.5361496
8.99,0.4638502,0.5361496
8.991666666666667,0.4638502,0.5361496
8.993333333333334,0.4638502,0.5361496
8.995,0.4638502,0.5361496
8.996666666666666,0.4638502,0.5361496
8.998333333333333,0.4638502,0.5361496
9.0,0.4638502,0.5361496
9.001666666666667,0.4638502,0.5361496
9.003333333333334,0.4638502,0.5361496
9.005,0.4638502,0.5361496
9.006666666666666,0.4638502,0.5361496
9.008333333333333,0.4638502,0.5361496
9.01,0.4638502,0.5361496
9.011666666666667,0.4638502,0.5361496
9.013333333333334,0.4638502,0.5361496
9.015,0.4638502,0.5361496
9.016666666666667,0.4638502,0.5361496
9.018333333333333,0.4638502,0.5361496
9.02,0.4638502,0.5361496
9.021666666666667,0.4638502,0.5361496
9.023333333333333,0.4638502,0.5361496
9.025,0.4638502,0.5361496
9.026666666666667,0.4638502,0.5361496
9.028333333333334,0.4638502,0.5361496
9.03,0.4638502,0.5361496
9.031666666666666,0.4638502,0.5361496
9.033333333333333,0.4638502,0.5361496
9.035,0.4638502,0.5361496
9.036666666666667,0.4638502,0.5361496
9.038333333333334,0.4638502,0.5361496
9.04,0.4638502,0.5361496
9.041666666666666,0.4638502,0.5361496
9.043333333333333,0.4638502,0.5361496
9.045,0.4638502,0.5361496
9.046666666666667,0.4638502,0.5361496
9.048333333333334,0.4638502,0.5361496
9.05,0.4638502,0.5361496
9.051666666666666,0.4638502,0.5361496
9.053333333333333,0.4638502,0.5361496
9.055,0.4638502,0.5361496
9.056666666666667,0.4638502,0.5361496
9.058333333333334,0.4638502,0.5361496
9.06,0.4638502,0.5361496
9.061666666666667,0.4638504,0.5361496
9.063333333333333,0.4638504,0.5361496
9.065,0.4638504,0.5361496
9.066666666666666,0.4638504,0.5361496
9.068333333333333,0.4638504,0.5361496
9.07,0.4638504,0.5361496
9.071666666666667,0.4638504,0.5361496
9.073333333333334,0.4638504,0.5361496
9.075,0.4638504,0.5361496
9.076666666666666,0.4638504,0.5361496
9.078333333333333,0.4638504,0.5361496
9.08,0.4638504,0.5361496
9.081666666666667,0.4638504,0.5361496
9.083333333333334,0.4638504,0.5361496
9.085,0.4638504,0.5361496
9.086666666666666,0.4638504,0.5361496
9.088333333333333,0.4638504,0.5361496
9.09,0.4638504,0.5361496
9.091666666666667,0.4638504,0.5361496
9.093333333333334,0.4638504,0.5361496
9.095,0.4638504,0.5361496
9.096666666666666,0.4638504,0.5361496
9.098333333333333,0.4638504,0.5361496
9.1,0.4638504,0.5361496
9.101666666666667,0.4638504,0.5361496
9.103333333333333,0.4638504,0.5361496
9.105,0.4638504,0.5361496
9.106666666666667,0.4638504,0.5361496
9.108333333333333,0.4638504,0.5361496
9.11,0.4638504,0.5361496
9.111666666666666,0.4638504,0.5361496
9.113333333333333,0.4638504,0.5361496
9.115,0.4638504,0.5361496
9.116666666666667,0.4638504,0.5361496
9.118333333333334,0.4638504,0.5361496
9.12,0.4638504,0.5361496
9.121666666666666,0.4638504,0.5361496
9.123333333333333,0.4638504,0.5361496
9.125,0.4638504,0.5361496
9.126666666666667,0.4638504,0.5361496
9.128333333333334,0.4638504,0.5361496
9.13,0.4638504,0.5361496
9.131666666666666,0.4638504,0.5361496
9.133333333333333,0.4638504,0.5361496
9.135,0.4638504,0.5361496
9.136666666666667,0.4638504,0.5361496
9.138333333333334,0.4638504,0.5361496
9.14,0.4638504,0.5361496
9.141666666666667,0.4638504,0.5361496
9.143333333333333,0.4638504,0.5361496
9.145,0.4638504,0.5361496
9.146666666666667,0.4638504,0.5361496
9.148333333333333,0.4638504,0.5361496
9.15,0.4638504,0.5361496
9.151666666666667,0.4638504,0.5361496
9.153333333333334,0.4638504,0.5361496
9.155,0.4638504,0.5361496
9.156666666666666,0.4638504,0.5361496
9.158333333333333,0.4638504,0.5361496
9.16,0.4638504,0.5361496
9.161666666666667,0.4638504,0.5361496
9.163333333333334,0.4638504,0.5361496
9.165,0.4638504,0.5361496
9.166666666666666,0.4638504,0.5361496
9.168333333333333,0.4638504,0.5361496
9.17,0.4638504,0.5361496
9.171666666666667,0.4638504,0.5361496
9.173333333333334,0.4638504,0.5361496
9.175,0.4638504,0.5361496
9.176666666666666,0.4638504,0.5361496
9.178333333333333,0.4638504,0.5361496
9.18,0.4638504,0.5361496
9.181666666666667,0.4638504,0.5361496
9.183333333333334,0.4638504,0.5361496
9.185,0.4638504,0.5361496
9.186666666666667,0.4638504,0.5361496
9.188333333333333,0.4638504,0.5361496
9.19,0.4638504,0.5361496
9.191666666666666,0.4638504,0.5361496
9.193333333333333,0.4638504,0.5361496
9.195,0.4638504,0.5361496
9.196666666666667,0.4638504,0.5361496
9.198333333333334,0.4638504,0.5361496
9.2,0.4638504,0.5361496
9.201666666666666,0.4638504,0.5361496
9.203333333333333,0.4638504,0.5361496
9.205,0.4638504,0.5361496
9.206666666666667,0.4638504,0.5361496
9.208333333333334,0.4638504,0.5361496
9.21,0.4638504,0.5361496
9.211666666666666,0.4638504,0.5361496
9.213333333333333,0.4638504,0.5361496
9.215,0.4638504,0.5361496
9.216666666666667,0.4638504,0.5361496
9.218333333333334,0.4638504,0.5361496
9.22,0.4638504,0.5361496
9.221666666666666,0.4638504,0.5361496
9.223333333333333,0.4638504,0.5361496
9.225,0.4638504,0.5361496
9.226666666666667,0.4638504,0.5361496
9.228333333333333,0.4638504,0.5361496
9.23,0.4638504,0.5361496
9.231666666666667,0.4638504,0.5361496
9.233333333333333,0.4638504,0.5361496
9.235,0.4638504,0.5361496
9.236666666666666,0.4638504,0.5361496
9.238333333333333,0.4638504,0.5361496
9.24,0.4638504,0.5361496
9.241666666666667,0.4638504,0.5361496
9.243333333333334,0.4638504,0.5361496
9.245,0.4638504,0.5361496
9.246666666666666,0.4638504,0.5361496
9.248333333333333,0.4638504,0.5361496
9.25,0.4638504,0.5361496
9.251666666666667,0.4638504,0.5361496
9.253333333333334,0.4638504,0.5361496
9.255,0.4638504,0.5361496
9.256666666666666,0.4638504,0.5361496
9.258333333333333,0.4638504,0.5361496
9.26,0.4638504,0.5361496
9.261666666666667,0.4638504,0.5361496
9.263333333333334,0.4638504,0.5361496
9.265,0.4638504,0.5361496
9.266666666666667,0.4638504,0.5361496
9.268333333333333,0.4638504,0.5361496
9.27,0.4638504,0.5361496
9.271666666666667,0.4638504,0.5361496
9.273333333333333,0.4638504,0.5361496
9.275,0.4638504,0.5361496
9.276666666666667,0.4638504,0.5361496
9.278333333333334,0.4638504,0.5361496
9.28,0.4638504,0.5361496
9.281666666666666,0.4638504,0.5361496
9.283333333333333,0.4638504,0.5361496
9.285,0.4638504,0.5361496
9.286666666666667,0.4638504,0.5361496
9.288333333333334,0.4638504,0.5361496
9.29,0.4638504,0.5361496
9.291666666666666,0.4638504,0.5361496
9.293333333333333,0.4638504,0.5361496
9.295,0.4638504,0.5361496
9.296666666666667,0.4638504,0.5361496
9.298333333333334,0.4638504,0.5361496
9.3,0.4638504,0.5361496
9.301666666666666,0.4638504,0.5361496
9.303333333333333,0.4638504,0.5361496
9.305,0.4638504,0.5361496
9.306666666666667,0.4638504,0.5361496
9.308333333333334,0.4638504,0.5361496
9.31,0.4638504,0.5361496
9.311666666666667,0.4638504,0.5361496
9.313333333333333,0.4638504,0.5361496
9.315,0.4638504,0.5361496
9.316666666666666,0.4638504,0.5361496
9.318333333333333,0.4638504,0.5361496
9.32,0.4638504,0.5361496
9.321666666666667,0.4638504,0.5361496
9.323333333333334,0.4638504,0.5361496
9.325,0.4638504,0.5361496
9.326666666666666,0.4638504,0.5361496
9.328333333333333,0.4638504,0.5361496
9.33,0.4638504,0.5361496
9.331666666666667,0.4638504,0.5361496
9.333333333333334,0.4638504,0.5361496
9.335,0.4638504,0.5361496
9.336666666666666,0.4638504,0.5361496
9.338333333333333,0.4638504,0.5361496
9.34,0.4638504,0.5361496
9.341666666666667,0.4638504,0.5361496
9.343333333333334,0.4638504,0.5361496
9.345,0.4638504,0.5361496
9.346666666666666,0.4638504,0.5361496
9.348333333333333,0.4638504,0.5361496
9.35,0.4638504,0.5361496
9.351666666666667,0.4638504,0.5361496
9.353333333333333,0.4638504,0.5361496
9.355,0.4638504,0.5361496
9.356666666666667,0.4638504,0.5361496
9.358333333333333,0.4638504,0.5361496
9.36,0.4638504,0.5361496
9.361666666666666,0.4638504,0.5361496
9.363333333333333,0.4638504,0.5361496
9.365,0.4638504,0.5361496
9.366666666666667,0.4638504,0.5361496
9.368333333333334,0.4638504,0.5361496
9.37,0.4638504,0.5361496
9.371666666666666,0.4638504,0.5361496
9.373333333333333,0.4638504,0.5361496
9.375,0.4638504,0.5361496
9.376666666666667,0.4638504,0.5361496
9.378333333333334,0.4638504,0.5361496
9.38,0.4638504,0.5361496
9.381666666666666,0.4638504,0.5361496
9.383333333333333,0.4638504,0.5361496
9.385,0.4638504,0.5361496
9.386666666666667,0.4638504,0.5361496
9.388333333333334,0.4638504,0.5361496
9.39,0.4638504,0.5361496
9.391666666666667,0.4638504,0.5361496
9.393333333333333,0.4638504,0.5361496
9.395,0.4638504,0.5361496
9.396666666666667,0.4638504,0.5361496
9.398333333333333,0.4638504,0.5361496
9.4,0.4638504,0.5361496
9.401666666666667,0.4638504,0.5361496
9.403333333333334,0.4638504,0.5361496
9.405,0.4638504,0.5361496
9.406666666666666,0.4638504,0.5361496
9.408333333333333,0.4638504,0.5361496
9.41,0.4638504,0.5361496
9.411666666666667,0.4638504,0.5361496
9.413333333333334,0.4638504,0.5361496
9.415,0.4638504,0.5361496
9.416666666666666,0.4638504,0.5361496
9.418333333333333,0.4638504,0.5361496
9.42,0.4638504,0.5361496
9.421666666666667,0.4638504,0.5361496
9.423333333333334,0.4638504,0.5361496
9.425,0.4638504,0.5361496
9.426666666666666,0.4638504,0.5361496
9.428333333333333,0.4638504,0.5361496
9.43,0.4638504,0.5361496
9.431666666666667,0.4638504,0.5361496
9.433333333333334,0.4638504,0.5361496
9.435,0.4638504,0.5361496
9.436666666666667,0.4638504,0.5361496
9.438333333333333,0.4638504,0.5361496
9.44,0.4638504,0.5361496
9.441666666666666,0.4638504,0.5361496
9.443333333333333,0.4638504,0.5361496
9.445,0.4638504,0.5361496
9.446666666666667,0.4638504,0.5361496
9.448333333333334,0.4638504,0.5361496
9.45,0.4638504,0.5361496
9.451666666666666,0.4638504,0.5361496
9.453333333333333,0.4638504,0.5361496
9.455,0.4638504,0.5361496
9.456666666666667,0.4638504,0.5361496
9.458333333333334,0.4638504,0.5361496
9.46,0.4638504,0.5361496
9.461666666666666,0.4638504,0.5361496
9.463333333333333,0.4638504,0.5361496
9.465,0.4638504,0.5361496
9.466666666666667,0.4638504,0.5361496
9.468333333333334,0.4638504,0.5361496
9.47,0.4638504,0.5361496
9.471666666666666,0.4638504,0.5361496
9.473333333333333,0.4638504,0.5361496
9.475,0.4638504,0.5361496
9.476666666666667,0.4638504,0.5361496
9.478333333333333,0.4638504,0.5361496
9.48,0.4638504,0.5361496
9.481666666666667,0.4638504,0.5361496
9.483333333333333,0.4638504,0.5361496
9.485,0.4638504,0.5361496
9.486666666666666,0.4638504,0.5361496
9.488333333333333,0.4638504,0.5361496
9.49,0.4638504,0.5361496
9.491666666666667,0.4638504,0.5361496
9.493333333333334,0.4638504,0.5361496
9.495,0.4638504,0.5361496
9.496666666666666,0.4638504,0.5361496
9.498333333333333,0.4638504,0.5361496
9.5,0.4638504,0.5361496
9.501666666666667,0.4638504,0.5361496
9.503333333333334,0.4638504,0.5361496
9.505,0.4638504,0.5361496
9.506666666666666,0.4638504,0.5361496
9.508333333333333,0.4638504,0.5361496
9.51,0.4638504,0.5361496
9.511666666666667,0.4638504,0.5361496
9.513333333333334,0.4638504,0.5361496
9.515,0.4638504,0.5361496
9.516666666666667,0.4638504,0.5361496
9.518333333333333,0.4638504,0.5361496
9.52,0.4638504,0.5361496
9.521666666666667,0.4638504,0.5361496
9.523333333333333,0.4638504,0.5361496
9.525,0.4638504,0.5361496
9.526666666666667,0.4638504,0.5361496
9.528333333333334,0.4638504,0.5361496
9.53,0.4638504,0.5361496
9.531666666666666,0.4638504,0.5361496
9.533333333333333,0.4638504,0.5361496
9.535,0.4638504,0.5361496
9.536666666666667,0.4638504,0.5361496
9.538333333333334,0.4638504,0.5361496
9.54,0.4638504,0.5361496
9.541666666666666,0.4638504,0.5361496
9.543333333333333,0.4638504,0.5361496
9.545,0.4638504,0.5361496
9.546666666666667,0.4638504,0.5361496
9.548333333333334,0.4638504,0.5361496
9.55,0.4638504,0.5361496
9.551666666666666,0.4638504,0.5361496
9.553333333333333,0.4638504,0.5361496
9.555,0.4638504,0.5361496
9.556666666666667,0.4638504,0.5361496
9.558333333333334,0.4638504,0.5361496
9.56,0.4638504,0.5361496
9.561666666666667,0.4638504,0.5361496
9.563333333333333,0.4638504,0.5361496
9.565,0.4638504,0.5361496
9.566666666666666,0.4638504,0.5361496
9.568333333333333,0.4638504,0.5361496
9.57,0.4638504,0.5361496
9.571666666666667,0.4638504,0.5361496
9.573333333333334,0.4638504,0.5361496
9.575,0.4638504,0.5361496
9.576666666666666,0.4638504,0.5361496
9.578333333333333,0.4638504,0.5361496
9.58,0.4638504,0.5361496
9.581666666666667,0.4638504,0.5361496
9.583333333333334,0.4638504,0.5361496
9.585,0.4638504,0.5361496
9.586666666666666,0.4638504,0.5361496
9.588333333333333,0.4638504,0.5361496
9.59,0.4638504,0.5361496
9.591666666666667,0.4638504,0.5361496
9.593333333333334,0.4638504,0.5361496
9.595,0.4638504,0.5361496
9.596666666666666,0.4638504,0.5361496
9.598333333333333,0.4638504,0.5361496
9.6,0.4638504,0.5361496
9.601666666666667,0.4638504,0.5361496
9.603333333333333,0.4638504,0.5361496
9.605,0.4638504,0.5361496
9.606666666666667,0.4638504,0.5361496
9.608333333333333,0.4638504,0.5361496
9.61,0.4638504,0.5361496
9.611666666666666,0.4638504,0.5361496
9.613333333333333,0.4638504,0.5361496
9.615,0.4638504,0.5361496
9.616666666666667,0.4638504,0.5361496
9.618333333333334,0.4638504,0.5361496
9.62,0.4638504,0.5361496
9.621666666666666,0.4638504,0.5361496
9.623333333333333,0.4638504,0.5361496
9.625,0.4638504,0.5361496
9.626666666666667,0.4638504,0.5361496
9.628333333333334,0.4638504,0.5361496
9.63,0.4638504,0.5361496
9.631666666666666,0.4638504,0.5361496
9.633333333333333,0.4638504,0.5361496
9.635,0.4638504,0.5361496
9.636666666666667,0.4638504,0.5361496
9.638333333333334,0.4638504,0.5361496
9.64,0.4638504,0.5361496
9.641666666666667,0.4638504,0.5361496
9.643333333333333,0.4638504,0.5361496
9.645,0.4638504,0.5361496
9.646666666666667,0.4638504,0.5361496
9.648333333333333,0.4638504,0.5361496
9.65,0.4638504,0.5361496
9.651666666666667,0.4638504,0.5361496
9.653333333333334,0.4638504,0.5361496
9.655,0.4638504,0.5361496
9.656666666666666,0.4638504,0.5361496
9.658333333333333,0.4638504,0.5361496
9.66,0.4638504,0.5361496
9.661666666666667,0.4638504,0.5361496
9.663333333333334,0.4638504,0.5361496
9.665,0.4638504,0.5361496
9.666666666666666,0.4638504,0.5361496
9.668333333333333,0.4638504,0.5361496
9.67,0.4638504,0.5361496
9.671666666666667,0.4638504,0.5361496
9.673333333333334,0.4638504,0.5361496
9.675,0.4638504,0.5361496
9.676666666666666,0.4638504,0.5361496
9.678333333333333,0.4638504,0.5361496
9.68,0.4638504,0.5361496
9.681666666666667,0.4638504,0.5361496
9.683333333333334,0.4638504,0.5361496
9.685,0.4638504,0.5361496
9.686666666666667,0.4638504,0.5361496
9.688333333333333,0.4638504,0.5361496
9.69,0.4638504,0.5361496
9.691666666666666,0.4638504,0.5361496
9.693333333333333,0.4638504,0.5361496
9.695,0.4638504,0.5361496
9.696666666666667,0.4638504,0.5361496
9.698333333333334,0.4638504,0.5361496
9.7,0.4638504,0.5361496
9.701666666666666,0.4638504,0.5361496
9.703333333333333,0.4638504,0.5361496
9.705,0.4638504,0.5361496
9.706666666666667,0.4638504,0.5361496
9.708333333333334,0.4638504,0.5361496
9.71,0.4638504,0.5361496
9.711666666666666,0.4638504,0.5361496
9.713333333333333,0.4638504,0.5361496
9.715,0.4638504,0.5361496
9.716666666666667,0.4638504,0.5361496
9.718333333333334,0.4638504,0.5361496
9.72,0.4638504,0.5361496
9.721666666666666,0.4638504,0.5361496
9.723333333333333,0.4638504,0.5361496
9.725,0.4638504,0.5361496
9.726666666666667,0.4638504,0.5361496
9.728333333333333,0.4638504,0.5361496
9.73,0.4638504,0.5361496
9.731666666666667,0.4638504,0.5361496
9.733333333333333,0.4638504,0.5361496
9.735,0.4638504,0.5361496
9.736666666666666,0.4638504,0.5361496
9.738333333333333,0.4638504,0.5361496
9.74,0.4638504,0.5361496
9.741666666666667,0.4638504,0.5361496
9.743333333333334,0.4638504,0.5361496
9.745,0.4638504,0.5361496
9.746666666666666,0.4638504,0.5361496
9.748333333333333,0.4638504,0.5361496
9.75,0.4638504,0.5361496
9.751666666666667,0.4638504,0.5361496
9.753333333333334,0.4638504,0.5361496
9.755,0.4638504,0.5361496
9.756666666666666,0.4638504,0.5361496
9.758333333333333,0.4638504,0.5361496
9.76,0.4638504,0.5361496
9.761666666666667,0.4638504,0.5361496
9.763333333333334,0.4638504,0.5361496
9.765,0.4638504,0.5361496
9.766666666666667,0.4638504,0.5361496
9.768333333333333,0.4638504,0.5361496
9.77,0.4638504,0.5361496
9.771666666666667,0.4638504,0.5361496
9.773333333333333,0.4638504,0.5361496
9.775,0.4638504,0.5361496
9.776666666666667,0.4638504,0.5361496
9.778333333333334,0.4638504,0.5361496
9.78,0.4638504,0.5361496
9.781666666666666,0.4638504,0.5361496
9.783333333333333,0.4638504,0.5361496
9.785,0.4638504,0.5361496
9.786666666666667,0.4638504,0.5361496
9.788333333333334,0.4638504,0.5361496
9.79,0.4638504,0.5361496
9.791666666666666,0.4638504,0.5361496
9.793333333333333,0.4638504,0.5361496
9.795,0.4638504,0.5361496
9.796666666666667,0.4638504,0.5361496
9.798333333333334,0.4638504,0.5361496
9.8,0.4638504,0.5361496
9.801666666666666,0.4638504,0.5361496
9.803333333333333,0.4638504,0.5361496
9.805,0.4638504,0.5361496
9.806666666666667,0.4638504,0.5361496
9.808333333333334,0.4638504,0.5361496
9.81,0.4638504,0.5361496
9.811666666666667,0.4638504,0.5361496
9.813333333333333,0.4638504,0.5361496
9.815,0.4638504,0.5361496
9.816666666666666,0.4638504,0.5361496
9.818333333333333,0.4638504,0.5361496
9.82,0.4638504,0.5361496
9.821666666666667,0.4638504,0.5361496
9.823333333333334,0.4638504,0.5361496
9.825,0.4638504,0.5361496
9.826666666666666,0.4638504,0.5361496
9.828333333333333,0.4638504,0.5361496
9.83,0.4638504,0.5361496
9.831666666666667,0.4638504,0.5361496
9.833333333333334,0.4638504,0.5361496
9.835,0.4638504,0.5361496
9.836666666666666,0.4638504,0.5361496
9.838333333333333,0.4638504,0.5361496
9.84,0.4638504,0.5361496
9.841666666666667,0.4638504,0.5361496
9.843333333333334,0.4638504,0.5361496
9.845,0.4638504,0.5361496
9.846666666666666,0.4638504,0.5361496
9.848333333333333,0.4638504,0.5361496
9.85,0.4638504,0.5361496
9.851666666666667,0.4638504,0.5361496
9.853333333333333,0.4638504,0.5361496
9.855,0.4638504,0.5361496
9.856666666666667,0.4638504,0.5361496
9.858333333333333,0.4638504,0.5361496
9.86,0.4638504,0.5361496
9.861666666666666,0.4638504,0.5361496
9.863333333333333,0.4638504,0.5361496
9.865,0.4638504,0.5361496
9.866666666666667,0.4638504,0.5361496
9.868333333333334,0.4638504,0.5361496
9.87,0.4638504,0.5361496
9.871666666666666,0.4638504,0.5361496
9.873333333333333,0.4638504,0.5361496
9.875,0.4638504,0.5361496
9.876666666666667,0.4638504,0.5361496
9.878333333333334,0.4638504,0.5361496
9.88,0.4638504,0.5361496
9.881666666666666,0.4638504,0.5361496
9.883333333333333,0.4638504,0.5361496
9.885,0.4638504,0.5361496
9.886666666666667,0.4638504,0.5361496
9.888333333333334,0.4638504,0.5361496
9.89,0.4638504,0.5361496
9.891666666666667,0.4638504,0.5361496
9.893333333333333,0.4638504,0.5361496
9.895,0.4638504,0.5361496
9.896666666666667,0.4638504,0.5361496
9.898333333333333,0.4638504,0.5361496
9.9,0.4638504,0.5361496
9.901666666666667,0.4638504,0.5361496
9.903333333333334,0.4638504,0.5361496
9.905,0.4638504,0.5361496
9.906666666666666,0.4638504,0.5361496
9.908333333333333,0.4638504,0.5361496
9.91,0.4638504,0.5361496
9.911666666666667,0.4638504,0.5361496
9.913333333333334,0.4638504,0.5361496
9.915,0.4638504,0.5361496
9.916666666666666,0.4638504,0.5361496
9.918333333333333,0.4638504,0.5361496
9.92,0.4638504,0.5361496
9.921666666666667,0.4638504,0.5361496
9.923333333333334,0.4638504,0.5361496
9.925,0.4638504,0.5361496
9.926666666666666,0.4638504,0.5361496
9.928333333333333,0.4638504,0.5361496
9.93,0.4638504,0.5361496
9.931666666666667,0.4638504,0.5361496
9.933333333333334,0.4638504,0.5361496
9.935,0.4638504,0.5361496
9.936666666666667,0.4638504,0.5361496
9.938333333333333,0.4638504,0.5361496
9.94,0.4638504,0.5361496
9.941666666666666,0.4638504,0.5361496
9.943333333333333,0.4638504,0.5361496
9.945,0.4638504,0.5361496
9.946666666666667,0.4638504,0.5361496
9.948333333333334,0.4638504,0.5361496
9.95,0.4638504,0.5361496
9.951666666666666,0.4638504,0.5361496
9.953333333333333,0.4638504,0.5361496
9.955,0.4638504,0.5361496
9.956666666666667,0.4638504,0.5361496
9.958333333333334,0.4638504,0.5361496
9.96,0.4638504,0.5361496
9.961666666666666,0.4638504,0.5361496
9.963333333333333,0.4638504,0.5361496
9.965,0.4638504,0.5361496
9.966666666666667,0.4638504,0.5361496
9.968333333333334,0.4638504,0.5361496
9.97,0.4638504,0.5361496
9.971666666666666,0.4638504,0.5361496
9.973333333333333,0.4638504,0.5361496
9.975,0.4638504,0.5361496
9.976666666666667,0.4638504,0.5361496
9.978333333333333,0.4638504,0.5361496
9.98,0.4638504,0.5361496
9.981666666666667,0.4638504,0.5361496
9.983333333333333,0.4638504,0.5361496
9.985,0.4638504,0.5361496
9.986666666666666,0.4638504,0.5361496
9.988333333333333,0.4638504,0.5361496
9.99,0.4638504,0.5361496
9.991666666666667,0.4638504,0.5361496
9.993333333333334,0.4638504,0.5361496
9.995,0.4638504,0.5361496
9.996666666666666,0.4638504,0.5361496
9.998333333333333,0.4638504,0.5361496
10.0,0.4638504,0.5361496
